##FastQC	0.10.1
>>Basic Statistics	pass
#Measure	Value	
Filename	Trimmed_Partial_SRR2467142.fastq	
File type	Conventional base calls	
Encoding	Sanger / Illumina 1.9	
Total Sequences	4887	
Filtered Sequences	0	
Sequence length	50	
%GC	41	
>>END_MODULE
>>Per base sequence quality	pass
#Base	Mean	Median	Lower Quartile	Upper Quartile	10th Percentile	90th Percentile
1	39.324534479230614	41.0	39.0	41.0	36.0	41.0
2	39.15469613259668	41.0	39.0	41.0	36.0	41.0
3	39.04624514016779	40.0	38.0	41.0	36.0	41.0
4	39.415183138940044	41.0	39.0	41.0	36.0	41.0
5	39.43646408839779	41.0	39.0	41.0	36.0	41.0
6	39.14037241661551	41.0	39.0	41.0	36.0	41.0
7	39.386126457949665	41.0	39.0	41.0	36.0	41.0
8	39.55535093104154	41.0	39.0	41.0	37.0	41.0
9	39.44894618375282	41.0	39.0	41.0	36.0	41.0
10	39.3572744014733	41.0	39.0	41.0	36.0	41.0
11	39.28811131573563	41.0	39.0	41.0	36.0	41.0
12	38.93677102516882	40.0	39.0	41.0	35.0	41.0
13	38.51074278698588	40.0	38.0	41.0	34.0	41.0
14	38.80908532842235	40.0	38.0	41.0	35.0	41.0
15	39.149580519746266	40.0	39.0	41.0	36.0	41.0
16	38.99099652138326	40.0	38.0	41.0	35.0	41.0
17	38.897278493963576	40.0	38.0	41.0	35.0	41.0
18	39.13750767341928	40.0	39.0	41.0	36.0	41.0
19	39.14037241661551	40.0	39.0	41.0	36.0	41.0
20	38.941068139963164	40.0	38.0	41.0	35.0	41.0
21	39.010435850214854	40.0	39.0	41.0	35.0	41.0
22	38.80826683036628	40.0	38.0	41.0	35.0	41.0
23	38.92121956210354	40.0	38.0	41.0	35.0	41.0
24	38.912420708000816	40.0	38.0	41.0	35.0	41.0
25	38.424800491098836	40.0	38.0	41.0	34.0	41.0
26	38.882750153468386	40.0	38.0	41.0	35.0	41.0
27	38.71107018620831	40.0	38.0	41.0	35.0	41.0
28	38.179660323306734	40.0	38.0	41.0	33.0	41.0
29	38.7268262737876	40.0	38.0	41.0	34.0	41.0
30	38.62328626969511	40.0	38.0	41.0	34.0	41.0
31	38.93738489871087	40.0	38.0	41.0	35.0	41.0
32	38.89134438305709	40.0	38.0	41.0	35.0	41.0
33	38.866175567833025	40.0	38.0	41.0	35.0	41.0
34	39.02169019848578	40.0	39.0	41.0	35.0	41.0
35	38.67955801104972	40.0	38.0	41.0	35.0	41.0
36	38.759770820544304	40.0	38.0	41.0	35.0	41.0
37	38.79987722529159	40.0	38.0	41.0	35.0	41.0
38	38.77184366687129	40.0	38.0	41.0	35.0	41.0
39	38.41211377122979	40.0	38.0	41.0	34.0	41.0
40	38.027215060364234	40.0	37.0	41.0	33.0	41.0
41	38.218129731941886	40.0	37.0	41.0	33.0	41.0
42	38.21403724166155	40.0	37.0	41.0	34.0	41.0
43	38.09371802741968	40.0	37.0	41.0	34.0	41.0
44	38.10538162471864	40.0	37.0	41.0	34.0	41.0
45	38.07509719664416	40.0	37.0	41.0	34.0	41.0
46	38.018211581747494	39.0	37.0	41.0	34.0	41.0
47	37.859218334356456	39.0	36.0	41.0	33.0	41.0
48	37.614896664620424	39.0	36.0	41.0	33.0	41.0
49	37.48762021690199	39.0	36.0	41.0	33.0	41.0
50	37.26232862696951	39.0	36.0	40.0	32.0	41.0
>>END_MODULE
>>Per sequence quality scores	pass
#Quality	Count
24	2.0
25	2.0
26	8.0
27	19.0
28	27.0
29	24.0
30	48.0
31	52.0
32	66.0
33	100.0
34	134.0
35	161.0
36	226.0
37	340.0
38	544.0
39	985.0
40	2148.0
41	1.0
>>END_MODULE
>>Per base sequence content	warn
#Base	G	A	T	C
1	20.46245140167792	27.071823204419886	30.81645181092695	21.64927358297524
2	21.280949457745038	28.852056476365867	29.854716595048085	20.012277470841006
3	19.664415797012484	28.442807448332307	30.489052588500105	21.403724166155104
4	19.869040311029263	29.343155310006136	29.99795375485983	20.789850624104766
5	20.769388172703092	28.852056476365867	30.632289748311848	19.746265602619193
6	19.725803151217516	28.381420094127275	31.18477593615715	20.708000818498057
7	20.728463269899734	28.5451197053407	30.959688970738696	19.76672805402087
8	20.441988950276244	28.176795580110497	31.553100061387358	19.828115408225905
9	20.364306180925094	27.77322963569382	30.249693000409334	21.612771182971755
10	20.38060159607121	28.156333128708823	30.714139553918557	20.74892572130141
11	21.280949457745038	27.54245958665848	31.982811540822592	19.19377941477389
12	19.99181501943933	27.27644771843667	32.003273992224265	20.728463269899734
13	21.014937589523225	27.767546552076936	30.755064456721914	20.46245140167792
14	20.196439533456108	28.5451197053407	31.96234908942091	19.29609167178228
15	19.459791282995702	27.808471454880294	30.69367710251688	22.03806015960712
16	20.646613464293022	27.64477184366687	31.553100061387358	20.155514630652753
17	21.199099652138326	28.422344996930633	30.980151422140374	19.39840392879067
18	19.071004706363823	28.217720482913855	32.02373644362594	20.687538367096376
19	20.687538367096376	28.27910783711889	30.40720278289339	20.626151012891345
20	20.99877200163733	27.609496520671307	29.963160049119935	21.428571428571427
21	19.725803151217516	28.422344996930633	30.755064456721914	21.096787395129937
22	21.485573971761816	26.94904849600982	30.65275219971352	20.912625332514835
23	20.298751790464497	27.27644771843667	31.18477593615715	21.240024554941684
24	19.152854511970535	29.24084305299775	30.714139553918557	20.89216288111316
25	21.280949457745038	28.565582156742376	30.14119091467158	20.012277470841006
26	21.15817474933497	27.54245958665848	30.980151422140374	20.319214241866177
27	19.99181501943933	28.176795580110497	30.65275219971352	21.178637200736645
28	21.321874360548392	28.5451197053407	29.13853079598936	20.994475138121548
29	20.523838755882956	27.951708614692038	31.512175158584	20.012277470841006
30	20.032739922242683	27.37875997544506	31.471250255780642	21.117249846531614
31	20.55271238485159	28.433981576253835	30.133060388945754	20.880245649948822
32	20.401064047472886	28.13587067730714	30.857376713730307	20.605688561489664
33	19.39840392879067	28.524657253939022	30.87783916513198	21.199099652138326
34	20.155514630652753	29.158993247391034	29.547779824022918	21.13771229793329
35	19.39840392879067	28.688356865152446	31.982811540822592	19.930427665234298
36	19.848577859627582	28.217720482913855	30.673214651115206	21.26048700634336
37	20.97401268671987	28.156333128708823	29.752404338039696	21.117249846531614
38	20.155514630652753	27.64477184366687	32.18743605483937	20.012277470841006
39	19.480253734397383	27.399222426846737	31.38940045017393	21.731123388581953
40	20.46245140167792	28.32003273992224	30.284428074483323	20.933087783916513
41	19.684878248414158	28.176795580110497	30.42766523429507	21.710660937180272
42	19.500716185799057	27.82893390628197	31.205238387558833	21.46511152036014
43	20.319214241866177	27.84939635768365	31.062001227747082	20.769388172703092
44	20.56476365868631	27.56292203806016	31.18477593615715	20.687538367096376
45	19.337016574585636	28.27910783711889	30.570902394106813	21.812973194188665
46	21.178637200736645	28.176795580110497	29.486392469817886	21.15817474933497
47	20.789850624104766	28.892981379169225	31.082463679148763	19.234704317577243
48	19.439328831594025	26.723961530591367	32.04419889502763	21.792510742786988
49	21.56742377736853	27.030898301616535	30.42766523429507	20.97401268671987
50	20.708000818498057	28.7292817679558	31.246163290362183	19.316554123183955
>>END_MODULE
>>Per base GC content	pass
#Base	%GC
1	42.11172498465316
2	41.293226928586044
3	41.06813996316759
4	40.65889093513403
5	40.515653775322285
6	40.43380396971557
7	40.4951913239206
8	40.27010435850215
9	41.977077363896846
10	41.12952731737262
11	40.47472887251893
12	40.72027828933906
13	41.477388991201146
14	39.492531205238386
15	41.49785144260282
16	40.80212809494577
17	40.59750358092899
18	39.7585430734602
19	41.31368937998772
20	42.42734343020876
21	40.822590546347456
22	42.39819930427665
23	41.538776345406184
24	40.04501739308369
25	41.293226928586044
26	41.477388991201146
27	41.17045222017598
28	42.31634949866994
29	40.53611622672396
30	41.1499897687743
31	41.43295803480041
32	41.00675260896256
33	40.59750358092899
34	41.293226928586044
35	39.32883159402497
36	41.10906486597094
37	42.09126253325148
38	40.16779210149376
39	41.21137712297933
40	41.39553918559443
41	41.39553918559443
42	40.965827706159196
43	41.088602414569266
44	41.25230202578269
45	41.1499897687743
46	42.33681195007162
47	40.02455494168201
48	41.23183957438101
49	42.5414364640884
50	40.02455494168201
>>END_MODULE
>>Per sequence GC content	warn
#GC Content	Count
0	0.0
1	0.0
2	0.0
3	0.0
4	0.0
5	0.0
6	0.0
7	0.0
8	0.0
9	0.0
10	0.0
11	0.5
12	1.0
13	1.0
14	1.0
15	5.5
16	10.0
17	9.0
18	8.0
19	12.5
20	17.0
21	25.5
22	34.0
23	37.0
24	40.0
25	56.0
26	72.0
27	86.5
28	101.0
29	127.5
30	154.0
31	194.0
32	234.0
33	283.5
34	333.0
35	353.0
36	373.0
37	417.0
38	461.0
39	478.5
40	496.0
41	503.5
42	511.0
43	546.5
44	582.0
45	504.0
46	426.0
47	406.5
48	387.0
49	315.5
50	244.0
51	199.0
52	154.0
53	135.5
54	117.0
55	89.5
56	62.0
57	47.5
58	33.0
59	27.5
60	22.0
61	16.5
62	11.0
63	6.0
64	1.0
65	1.0
66	1.0
67	1.0
68	1.0
69	0.5
70	0.0
71	0.0
72	0.0
73	0.0
74	0.0
75	0.0
76	0.0
77	0.0
78	0.0
79	0.0
80	0.0
81	0.0
82	0.0
83	0.0
84	0.0
85	0.0
86	0.0
87	0.0
88	0.0
89	0.0
90	0.0
91	0.0
92	0.0
93	0.0
94	0.0
95	0.0
96	0.0
97	0.0
98	0.0
99	0.0
100	0.0
>>END_MODULE
>>Per base N content	pass
#Base	N-Count
1	0.0
2	0.0
3	0.0
4	0.0
5	0.0
6	0.0
7	0.0
8	0.0
9	0.02046245140167792
10	0.0
11	0.0
12	0.0
13	0.0
14	0.0
15	0.0
16	0.0
17	0.0
18	0.0
19	0.0
20	0.02046245140167792
21	0.0
22	0.0
23	0.0
24	0.0
25	0.0
26	0.0
27	0.0
28	0.0
29	0.0
30	0.0
31	0.04092490280335584
32	0.0
33	0.0
34	0.0
35	0.0
36	0.0
37	0.0
38	0.0
39	0.0
40	0.0
41	0.0
42	0.0
43	0.0
44	0.0
45	0.0
46	0.0
47	0.0
48	0.0
49	0.0
50	0.0
>>END_MODULE
>>Sequence Length Distribution	pass
#Length	Count
50	4887.0
>>END_MODULE
>>Sequence Duplication Levels	pass
#Total Duplicate Percentage	5.054225496214446
#Duplication Level	Relative count
1	100.0
2	2.1120689655172415
3	0.36637931034482757
4	0.0
5	0.0
6	0.0
7	0.0
8	0.0
9	0.0
10++	0.0
>>END_MODULE
>>Overrepresented sequences	pass
>>END_MODULE
>>Kmer Content	warn
#Sequence	Count	Obs/Exp Overall	Obs/Exp Max	Max Obs/Exp Position
CTTGG	610	3.3346348	8.798311	13
AGCAG	505	3.3022087	9.030088	20
GCAGC	345	3.0776772	12.306601	21
CTTCA	785	3.0686698	8.089206	37
TCTTC	855	3.0559714	6.581135	7
CTTCT	840	3.002358	6.5743985	32
CACCA	465	2.9663272	13.214058	30
TTGGA	730	2.9251652	7.370558	37
CAGCA	445	2.874085	7.432539	28
ACCAG	420	2.7126195	10.394904	24
TGGAG	445	2.6937006	6.9660544	17
CCTTC	500	2.6664987	6.1309004	44
CCTTG	490	2.6457021	7.4486747	37
TCTTG	725	2.6235824	6.6562486	12
CAAAG	545	2.5801516	6.531048	14
CCACC	285	2.4802864	12.018101	20
GATGG	405	2.4515703	8.35071	44
CACCG	275	2.4230545	6.0838614	29
ACCTT	615	2.4041173	6.298052	7
AACCA	510	2.3847642	7.533571	6
TTTGG	645	2.3631427	6.746023	7
ACCAC	370	2.3603034	8.809372	19
TCACC	400	2.333075	9.397111	29
TGGCA	390	2.331741	8.2564745	27
TGGAA	530	2.322741	7.0607452	8
CCAAA	495	2.314624	6.450737	10
TTGGT	630	2.3081858	6.746023	8
CTTGA	580	2.2955248	5.4599433	3
GTCAA	525	2.2725356	6.966783	22
ACCAA	485	2.267864	6.4573464	7
TCTGG	395	2.1593127	6.284508	12
TCAGC	365	2.155436	6.795789	30
GGAAG	325	2.1516418	6.0950065	9
GCCTT	395	2.13276	8.690121	11
GGTGG	255	2.1320326	7.6894727	11
TGGTG	385	2.1308491	6.362749	10
ACCGT	360	2.1259093	6.788833	4
ACCGG	235	2.0963888	6.1596045	18
CAGCC	235	2.07061	6.0838614	9
GCCAA	320	2.0667577	8.919046	17
GGCAA	315	2.0597935	9.020844	1
GGAGA	310	2.0523353	6.0950065	18
GAACC	315	2.0344646	5.939945	41
TCAAC	475	2.0308201	5.9041405	29
GTTGG	365	2.0201554	6.3627486	38
AATGG	455	1.9940512	7.0535183	44
ACCCA	310	1.9775515	8.809372	29
CTTCC	370	1.9732091	7.3570805	46
GGTAG	325	1.9673094	5.5728436	6
GGCAG	215	1.9418513	6.2362905	19
TGTTG	525	1.9234883	5.0543385	22
CTTGT	530	1.9179292	5.8242173	25
GCACC	215	1.894388	8.103513	4
TACCG	320	1.8896973	6.795789	17
TTGGG	340	1.8817886	6.3627486	35
CATCG	315	1.8601707	6.7888327	33
TTGGC	340	1.8586489	5.0327578	18
TCATC	475	1.8568385	6.2916045	32
AAACC	395	1.8470231	6.4573464	5
CATCA	430	1.8384267	5.898098	33
TTACC	470	1.8372928	5.3983293	17
GACAA	385	1.822676	5.4425397	21
ACCGA	280	1.808413	5.939945	10
AGCAA	375	1.7753338	5.4425397	14
CAACC	275	1.7542795	5.872915	6
ATGGA	400	1.7530122	5.038228	35
TCCAA	410	1.7529185	5.9041414	9
GGTCA	290	1.7338588	5.5043163	8
CAACA	370	1.7301229	5.381122	31
CCAAC	270	1.7223835	5.866904	14
ACTTC	440	1.720019	5.3983297	17
TGGGT	305	1.6880753	6.369269	28
CCAGC	190	1.6741103	8.103513	44
CAGTG	280	1.6740708	5.5043163	31
GAAGC	255	1.6674519	6.013897	42
AGTCA	385	1.6665262	6.9739213	27
TTGAC	420	1.6622766	5.4599433	14
AGCCT	280	1.6534851	5.4310665	10
CTGGG	200	1.6516201	7.602699	27
CAGCG	185	1.6503487	6.1596045	19
ACTTG	415	1.6424879	5.465538	9
CAAAC	350	1.6366028	5.375614	11
CTGGC	200	1.6313107	7.5015244	26
CCAAT	380	1.6246562	5.898098	34
AGTAG	370	1.6215361	5.0433893	19
GCGGC	130	1.6018126	8.49909	24
TAGCA	370	1.6015966	5.977647	19
CTCTG	295	1.5928206	6.2072287	46
GCTTG	290	1.5853182	5.0276065	13
ATGGC	265	1.5843884	5.4986825	32
ATACC	370	1.5819023	5.8980985	11
AGCGG	175	1.5805767	6.229908	35
TGGGA	260	1.5738475	5.5671396	23
GCAGA	240	1.5693665	7.5250735	20
TGGCG	190	1.5690391	5.6961875	33
TGGAT	390	1.5627595	5.5335827	7
AGAAG	325	1.5577782	5.5159445	27
CCAGA	240	1.5500683	7.4249315	25
GCATC	260	1.535379	5.4310665	24
CTGGA	255	1.5246001	6.873353	10
GTAGC	255	1.5246	5.5043163	7
CACCT	260	1.5164988	5.364282	4
CGGAA	230	1.5039761	6.0138965	21
TGGTC	275	1.5033189	5.032758	9
TGAGC	250	1.4947059	5.5043163	30
ATCTT	570	1.4933692	5.427033	29
AACAG	315	1.4912803	5.4425397	24
TTCCA	380	1.4854709	6.291605	3
CAAGA	310	1.4676092	6.531048	32
AGACA	310	1.4676092	5.448116	20
TGTCA	370	1.4643866	6.369934	1
CAGAG	220	1.4385859	7.5250735	16
ACACC	225	1.4353197	5.866904	44
GCAGT	240	1.4349178	5.5043163	30
CTTCG	265	1.430839	6.2072287	45
CGGCA	160	1.4273286	6.1596045	18
GGAGG	155	1.4173683	6.3139315	18
CCCTT	265	1.4132445	6.130901	36
GGTTG	255	1.4113415	6.362749	35
CCATC	240	1.3998451	5.364282	32
CAACG	215	1.3886029	8.909918	1
GGCCA	155	1.3827246	6.1596045	6
AAATG	430	1.3643601	5.111945	17
GTGGC	165	1.3625865	5.7020235	16
TGAAG	310	1.3585844	5.038227	43
CAGCT	230	1.3582199	5.4310665	25
GCAAC	210	1.3563098	5.939945	37
GGAGC	150	1.35478	8.306543	39
CAAGG	205	1.3405005	6.013897	10
AACCC	210	1.3396317	5.872915	28
GGAAT	305	1.3366717	5.0433893	31
AGTGG	220	1.3317173	6.9589252	3
GGGAA	200	1.3240873	6.0887685	37
AATGA	415	1.3167659	5.1067123	23
CGGTA	220	1.3153412	5.498682	12
TGGCT	240	1.3119874	6.2845078	35
CCCAA	205	1.3077357	7.3411436	30
CCTGG	160	1.3050486	5.6319075	18
CCGGT	160	1.3050486	5.6261435	39
CTTTC	365	1.304596	5.752599	25
GGGGT	155	1.2959415	5.7730136	6
AAGCC	200	1.2917236	5.939945	39
GGCGT	155	1.2800056	5.7020235	8
CCGGC	105	1.2778627	8.403181	19
GAGAC	195	1.2751102	7.5250735	27
GTGAG	210	1.2711844	5.5671396	25
AGAGG	190	1.257883	6.088769	43
GGCGG	100	1.2475036	5.74248	18
GTGGA	205	1.2409182	5.5671396	4
ACCTG	210	1.2401139	5.431066	41
CCGAC	140	1.233555	6.0776343	11
TGGCC	150	1.2234828	5.626143	12
GGATG	200	1.2106518	5.5728436	8
GACCT	205	1.2105873	5.4310665	40
GATCT	305	1.2071295	5.4655375	28
TTAGC	305	1.2071295	5.4599433	13
GTGAA	275	1.2051958	5.0433893	30
GGCAT	200	1.1957647	5.498682	1
TTCGT	330	1.1941823	5.8242173	46
GAAGT	270	1.1832832	5.04339	19
CAGGA	180	1.1770248	6.013897	41
GGCAC	130	1.1597043	8.212805	19
CGTTG	210	1.147989	5.0276065	32
GATGA	255	1.1175452	5.04339	20
AGCCC	125	1.1013883	6.0776343	24
GTGTC	200	1.0933229	5.0276065	4
TGGGG	130	1.0869186	5.7730136	5
GGTGT	195	1.0792612	5.0901995	13
GAGCT	180	1.0761883	5.4986825	14
CAAGC	165	1.0656719	5.946031	20
CGGCC	85	1.0344601	5.596387	12
CATGG	165	0.98650587	6.880395	5
TCAGG	165	0.98650587	5.498682	15
GAGGT	160	0.96852154	5.5728436	5
GTCAC	160	0.94484866	5.4366307	28
GGGTT	170	0.9408944	5.0901995	44
GCTGC	115	0.93800366	5.6319075	31
GGACC	105	0.93668425	6.159604	27
TCGTC	170	0.91789675	6.213589	20
AGACC	140	0.9042065	5.946031	8
GGCCT	110	0.89722073	5.626143	13
CCAGG	100	0.89208037	6.1533003	42
CCCAC	100	0.870276	6.0028996	1
CGTGA	145	0.86692953	5.4986825	24
AGGCG	95	0.85802734	6.2362914	7
GTCTG	150	0.8199921	5.0276065	42
CGACC	90	0.7929996	6.0776343	39
CTCCA	135	0.7874129	5.364282	12
GACGA	120	0.7846832	6.0200586	5
TGCGG	95	0.7845196	5.696188	15
GGTGC	90	0.74322903	5.6961875	33
GCGTG	90	0.74322903	9.493646	23
CGGCG	60	0.73929816	5.6660604	10
GCCTG	90	0.7340898	5.6261435	24
CGTGG	85	0.70193857	5.696188	21
TCGGC	85	0.69330704	5.6319075	9
GCGTC	85	0.6933069	5.626143	26
GAGGG	75	0.6858234	6.3139315	20
GCAGG	75	0.67739004	6.229908	42
CCGTG	80	0.6525243	5.6319075	5
CGGTC	80	0.6525242	5.631907	8
CTGCC	80	0.6445003	5.55696	41
GTGCC	75	0.6117414	5.631907	7
CGCCC	50	0.6010234	5.533233	7
CCCGT	70	0.5639378	5.562653	17
GCGGG	45	0.56137663	5.74248	16
CGGGC	45	0.5544736	5.671866	27
CCGCC	45	0.54092103	5.52757	14
GCCCC	45	0.54092103	5.52757	25
GCACA	80	0.5166894	5.946031	9
GGGGG	40	0.50521404	5.8080225	11
TCCGA	85	0.50195086	5.4310665	34
CGTCG	55	0.44861042	5.6261435	25
CACGC	50	0.44055533	6.0838614	20
GGGGC	35	0.43662634	5.7366023	12
GGGCG	30	0.37425116	5.7366023	13
GGCCG	30	0.36964908	5.6660604	21
GCCGC	25	0.304253	5.602121	27
CCCGG	25	0.30425298	5.596387	39
CGCGG	15	0.18482454	5.666061	46
>>END_MODULE
