##FastQC	0.10.1
>>Basic Statistics	pass
#Measure	Value	
Filename	Trimmed_Partial_SRR2467149.fastq	
File type	Conventional base calls	
Encoding	Sanger / Illumina 1.9	
Total Sequences	5000	
Filtered Sequences	0	
Sequence length	6-57	
%GC	40	
>>END_MODULE
>>Per base sequence quality	pass
#Base	Mean	Median	Lower Quartile	Upper Quartile	10th Percentile	90th Percentile
1	39.261	41.0	39.0	41.0	36.0	41.0
2	39.206	41.0	39.0	41.0	36.0	41.0
3	39.2644	41.0	39.0	41.0	36.0	41.0
4	39.1672	41.0	39.0	41.0	36.0	41.0
5	38.8732	40.0	38.0	41.0	34.0	41.0
6	39.3246	41.0	39.0	41.0	36.0	41.0
7	39.41028205641128	41.0	39.0	41.0	36.0	41.0
8	39.13502700540108	40.0	39.0	41.0	36.0	41.0
9	39.38207641528306	41.0	39.0	41.0	36.0	41.0
10	39.502300460092016	41.0	39.0	41.0	37.0	41.0
11	39.415483096619326	41.0	39.0	41.0	36.0	41.0
12	39.30306061212242	41.0	39.0	41.0	36.0	41.0
13	39.17283456691338	40.0	39.0	41.0	36.0	41.0
14	38.8951160928743	40.0	38.0	41.0	35.0	41.0
15	38.44475580464371	40.0	38.0	41.0	34.0	41.0
16	38.68268268268268	40.0	38.0	41.0	34.0	41.0
17	39.07971159623473	40.0	39.0	41.0	36.0	41.0
18	38.94290865384615	40.0	39.0	41.0	35.0	41.0
19	38.84632338208776	40.0	38.0	41.0	35.0	41.0
20	39.03067361668003	40.0	38.0	41.0	35.0	41.0
21	39.13156839149619	40.0	39.0	41.0	36.0	41.0
22	38.80658105939005	40.0	38.0	41.0	35.0	41.0
23	38.951224407868324	40.0	38.0	41.0	35.0	41.0
24	38.79698795180723	40.0	38.0	41.0	35.0	41.0
25	38.93231572604941	40.0	38.0	41.0	35.0	41.0
26	38.98272398553636	40.0	38.0	41.0	35.0	41.0
27	38.401970641463905	40.0	38.0	41.0	33.0	41.0
28	38.812512572922955	40.0	38.0	41.0	35.0	41.0
29	38.6066035836521	40.0	38.0	41.0	34.0	41.0
30	38.163511880789365	40.0	38.0	41.0	33.0	41.0
31	38.63846928499496	40.0	38.0	41.0	34.0	41.0
32	38.523061430010074	40.0	38.0	41.0	34.0	41.0
33	38.810396937336286	40.0	38.0	41.0	35.0	41.0
34	38.87306064880113	40.0	38.0	41.0	35.0	41.0
35	38.891712038717486	40.0	38.0	41.0	35.0	41.0
36	38.91103490014122	40.0	38.0	41.0	35.0	41.0
37	38.67561024813395	40.0	38.0	41.0	34.0	41.0
38	38.666330238191364	40.0	38.0	41.0	34.0	41.0
39	38.7279886914378	40.0	38.0	41.0	34.0	41.0
40	38.75676767676768	40.0	38.0	41.0	35.0	41.0
41	38.3801535974131	40.0	38.0	41.0	34.0	41.0
42	37.93935718617344	40.0	37.0	41.0	33.0	41.0
43	38.16501516683519	40.0	37.0	41.0	33.0	41.0
44	38.184503338053815	40.0	37.0	41.0	33.0	41.0
45	38.177220311551686	40.0	37.0	41.0	34.0	41.0
46	38.160558817574405	40.0	37.0	41.0	34.0	41.0
47	38.091369529983794	40.0	37.0	41.0	34.0	41.0
48	38.000405515004054	39.0	37.0	41.0	34.0	41.0
49	37.968337730870715	39.0	37.0	41.0	34.0	41.0
50	37.67608209713473	39.0	36.0	41.0	33.0	41.0
51	37.472431332655134	39.0	36.0	41.0	32.0	41.0
52	37.18537380321858	39.0	36.0	40.0	32.0	41.0
53	37.033442088091356	38.0	35.0	40.0	32.0	41.0
54	36.70373393185064	38.0	35.0	40.0	31.0	41.0
55	36.56124948958759	37.0	35.0	40.0	31.0	41.0
56	36.256284488044145	37.0	35.0	39.0	31.0	41.0
57	36.49125334430953	37.0	35.0	39.0	32.0	41.0
>>END_MODULE
>>Per sequence quality scores	pass
#Quality	Count
19	1.0
20	0.0
21	0.0
22	0.0
23	3.0
24	3.0
25	8.0
26	9.0
27	22.0
28	29.0
29	43.0
30	52.0
31	86.0
32	87.0
33	95.0
34	146.0
35	165.0
36	250.0
37	322.0
38	611.0
39	1162.0
40	1906.0
>>END_MODULE
>>Per base sequence content	warn
#Base	G	A	T	C
1	20.64	28.02	32.32	19.02
2	20.560000000000002	27.18	31.96	20.3
3	21.240000000000002	28.88	30.48	19.400000000000002
4	21.3	28.720000000000002	30.72	19.259999999999998
5	19.759999999999998	27.139999999999997	30.4	22.7
6	20.94	29.12	29.78	20.16
7	20.724144828965795	29.085817163432687	30.82616523304661	19.36387277455491
8	20.644128825765154	28.405681136227244	29.76595319063813	21.184236847369473
9	21.744348869773955	28.945789157831562	29.285857171434287	20.024004800960192
10	21.164232846569313	28.005601120224043	31.626325265053012	19.20384076815363
11	19.383876775355073	27.765553110622125	31.486297259451888	21.364272854570913
12	21.104220844168832	28.345669133826767	29.60592118423685	20.944188837767552
13	20.104020804160832	27.085417083416687	32.68653730746149	20.124024804960992
14	19.99599679743795	26.661329063250598	32.00560448358687	21.33706965572458
15	21.757405924739793	27.101681345076063	30.444355484387508	20.696557245796637
16	19.8998998998999	27.72772772772773	31.69169169169169	20.68068068068068
17	19.627478469857802	27.41838574003605	31.584217905067092	21.369917885039055
18	20.072115384615387	30.408653846153843	30.30849358974359	19.210737179487182
19	21.19815668202765	29.332799038268888	30.3346022841114	19.134441995592066
20	19.04570970328789	28.84923817161187	30.553327987169205	21.551724137931032
21	20.75812274368231	28.58002406738869	29.462494985960692	21.19935820296831
22	21.352598836042542	27.292795504716032	31.828215934176203	19.526389725065222
23	20.05218787635488	26.896828582898436	30.268968285828983	22.782015254917702
24	20.180722891566266	29.156626506024097	30.863453815261042	19.799196787148592
25	21.068487648122115	28.98172323759791	29.845350471982325	20.10443864229765
26	20.008035355564484	27.380474085978307	31.277621534752914	21.3338690237043
27	21.1743414437965	28.755278503921172	30.2232053086668	19.847174743615522
28	21.04204385435526	28.565680949507144	31.261315630657815	19.13095956547978
29	19.911415341252265	27.642440104690962	32.29313468894705	20.153009865109723
30	21.365283930728957	29.540877970197343	30.185259766411598	18.908578332662103
31	21.188318227593154	27.512588116817728	30.83585095669688	20.463242698892245
32	20.161127895266866	27.270896273917423	30.674723061430008	21.8932527693857
33	20.701471477524695	29.772223342068134	29.127192098367267	20.39911308203991
34	20.00805964134596	29.03485794882128	30.828128148297402	20.128954261535362
35	19.298245614035086	27.10223835450696	30.93365597902803	22.665860052429927
36	20.092798063344766	29.453298365947145	30.54266693564656	19.91123663506153
37	20.677829332257414	29.09017550938067	31.611862013314507	18.620133145047408
38	19.741622930964876	28.46184901090028	29.491320145337102	22.30520791279774
39	20.98142164781906	27.746365105008074	30.452342487883683	20.819870759289177
40	20.484848484848484	30.545454545454547	30.06060606060606	18.90909090909091
41	19.320937752627323	27.809215844785772	31.40662894098626	21.46321746160065
42	20.477056802102283	28.077622801698	30.402263998382857	21.04305639781686
43	20.869565217391305	27.219413549039434	31.486349848331646	20.424671385237612
44	19.522557151527412	27.877806999797695	31.357475217479262	21.24216063119563
45	20.93870119360712	28.080113291523368	30.973093263200486	20.008092251669026
46	20.26726057906459	27.697914557602754	31.868799352095568	20.16602551123709
47	19.226094003241492	27.91734197730956	30.67260940032415	22.183954619124798
48	20.904298459042987	28.75101378751014	30.433901054339014	19.910786699107867
49	21.128475745889993	28.35396793180434	30.505378526486705	20.012177795818957
50	20.158504369030688	28.693355009144483	30.542572647835808	20.60556797398903
51	22.014242115971516	27.97558494404883	29.25737538148525	20.752797558494404
52	20.533713587288656	28.478305153799145	30.69871664290079	20.28926461601141
53	19.229200652528547	27.895595432300162	30.93393148450245	21.941272430668842
54	21.526219138951234	28.545194858192207	29.381758824729648	20.546827178126915
55	20.763576970191917	28.93017558187015	30.481829318089016	19.824418129848915
56	19.558553034947884	27.099938687921522	30.758226037195996	22.5832822399346
57	20.024696439596624	29.182959456678333	30.93229059477259	19.86005350895246
>>END_MODULE
>>Per base GC content	pass
#Base	%GC
1	39.660000000000004
2	40.86
3	40.64
4	40.56
5	42.46
6	41.099999999999994
7	40.088017603520704
8	41.82836567313463
9	41.76835367073415
10	40.368073614722945
11	40.74814962992598
12	42.04840968193639
13	40.22804560912183
14	41.33306645316253
15	42.45396317053643
16	40.58058058058058
17	40.99739635489685
18	39.28285256410257
19	40.332598677619714
20	40.59743384121893
21	41.95748094665062
22	40.87898856110777
23	42.83420313127258
24	39.97991967871486
25	41.17292629041977
26	41.34190437926878
27	41.021516187412026
28	40.17300341983504
29	40.06442520636199
30	40.27386226339106
31	41.651560926485395
32	42.05438066465257
33	41.1005845595646
34	40.13701390288132
35	41.96410566646501
36	40.004034698406294
37	39.29796247730482
38	42.04683084376262
39	41.801292407108235
40	39.39393939393939
41	40.784155214227965
42	41.520113199919145
43	41.29423660262892
44	40.76471778272304
45	40.94679344527615
46	40.43328609030168
47	41.41004862236629
48	40.81508515815085
49	41.14065354170895
50	40.76407234301971
51	42.76703967446592
52	40.82297820330006
53	41.17047308319739
54	42.07304631707815
55	40.587995100040835
56	42.14183527488248
57	39.884749948549086
>>END_MODULE
>>Per sequence GC content	warn
#GC Content	Count
0	0.0
1	0.0
2	0.0
3	0.0
4	0.0
5	0.0
6	0.5
7	1.0
8	0.5
9	0.5
10	1.0
11	3.0
12	5.0
13	3.0
14	1.0
15	1.5
16	2.5
17	3.5
18	6.0
19	8.0
20	11.0
21	13.5
22	20.0
23	27.0
24	32.5
25	56.0
26	74.0
27	88.0
28	103.0
29	109.0
30	115.0
31	155.5
32	235.0
33	274.5
34	295.0
35	315.5
36	358.0
37	401.0
38	428.5
39	457.0
40	458.5
41	495.5
42	532.5
43	512.0
44	490.5
45	456.5
46	393.0
47	364.0
48	317.0
49	267.0
50	227.0
51	188.5
52	162.0
53	134.5
54	106.5
55	65.0
56	49.5
57	41.5
58	32.5
59	21.0
60	12.0
61	11.5
62	7.5
63	3.5
64	1.5
65	1.0
66	0.5
67	0.0
68	0.0
69	0.0
70	0.0
71	0.0
72	0.5
73	1.0
74	1.0
75	1.0
76	1.0
77	1.0
78	0.5
79	0.0
80	0.0
81	0.0
82	0.0
83	0.0
84	0.0
85	0.0
86	0.0
87	0.0
88	0.0
89	0.0
90	0.0
91	0.0
92	0.0
93	0.0
94	0.0
95	0.0
96	0.0
97	0.0
98	0.0
99	0.0
100	0.0
>>END_MODULE
>>Per base N content	pass
#Base	N-Count
1	0.0
2	0.0
3	0.0
4	0.0
5	0.0
6	0.0
7	0.0
8	0.0
9	0.0
10	0.0
11	0.0
12	0.0
13	0.0
14	0.0
15	0.0
16	0.0
17	0.0
18	0.0
19	0.0
20	0.0
21	0.0
22	0.020064205457463884
23	0.0
24	0.0
25	0.0
26	0.0
27	0.0
28	0.0
29	0.0
30	0.0
31	0.0
32	0.0
33	0.04029820672980052
34	0.0
35	0.0
36	0.0
37	0.0
38	0.0
39	0.0
40	0.0
41	0.0
42	0.0
43	0.0
44	0.0
45	0.0
46	0.0
47	0.0
48	0.0
49	0.0
50	0.0
51	0.0
52	0.0
53	0.0
54	0.0
55	0.0
56	0.0
57	0.0
>>END_MODULE
>>Sequence Length Distribution	warn
#Length	Count
6-7	1.0
8-9	0.0
10-11	0.0
12-13	3.0
14-15	1.0
16-17	3.0
18-19	4.0
20-21	4.0
22-23	4.0
24-25	2.0
26-27	7.0
28-29	5.0
30-31	1.0
32-33	2.0
34-35	6.0
36-37	3.0
38-39	4.0
40-41	3.0
42-43	4.0
44-45	4.0
46-47	7.0
48-49	11.0
50-51	12.0
52-53	8.0
54-55	8.0
56-57	4893.0
>>END_MODULE
>>Sequence Duplication Levels	pass
#Total Duplicate Percentage	4.320864172834572
#Duplication Level	Relative count
1	100.0
2	1.9862011289985364
3	0.18816642274722978
4	0.0
5	0.0
6	0.0
7	0.0
8	0.0
9	0.0
10++	0.0
>>END_MODULE
>>Overrepresented sequences	pass
>>END_MODULE
>>Kmer Content	fail
#Sequence	Count	Obs/Exp Overall	Obs/Exp Max	Max Obs/Exp Position
CTTCT	1045	3.3424566	10.1427	23
ACCAG	595	3.3032362	11.928619	49
CTTCA	890	3.0601912	8.260753	43
TCTTC	945	3.0226042	8.520898	42
CTTGG	620	2.9555333	11.291811	15
TCTTG	930	2.951699	6.709682	23
CACCA	510	2.853338	10.359565	29
CCTTC	585	2.8321793	11.514107	23
TTCTT	1340	2.8316453	7.8178067	24
AGCAG	505	2.7819781	5.888205	44
CAGCA	495	2.7480702	8.766996	16
CCACC	335	2.6389685	8.368826	34
CCTTG	535	2.5701492	7.655454	35
CACCG	325	2.5404603	8.204671	2
GCACC	320	2.501376	8.287545	31
TGGCA	480	2.4597697	10.768368	5
GCAGC	315	2.4433136	8.182343	19
CAAAG	605	2.3854578	9.530954	48
TTGGA	695	2.353004	6.262659	22
TGGAG	460	2.3391104	8.062449	24
CTTGA	685	2.3371615	6.285982	15
ACCAA	585	2.324516	6.344876	40
TGGAA	635	2.31111	6.7870464	42
TCACC	430	2.2379088	9.559696	1
CCAGC	285	2.2277882	10.369906	32
TCAGC	430	2.22066	6.7961125	15
AACCA	555	2.2053103	5.336104	48
ACCAC	390	2.1819642	8.906562	33
GCTTC	445	2.1377876	5.1295953	43
TTCAG	620	2.1153874	5.437066	35
ACCTT	615	2.1146264	6.360327	22
TCTGG	440	2.0974753	7.5203314	12
GCCAA	375	2.0818717	7.432565	46
TGGTG	440	2.0813086	6.249952	23
TACCA	560	2.06993	6.865015	32
GTTGG	435	2.0576575	8.794214	34
CATCA	555	2.0514483	5.902201	39
CTGGA	400	2.0498085	6.743731	14
CAACA	515	2.046369	6.4033246	48
TTGGC	425	2.0259705	8.764938	4
CTTGT	635	2.0154073	5.062853	37
TTGGT	635	1.9998734	6.631255	16
GGTGG	280	1.9892848	7.464583	3
ACCGT	385	1.9882653	6.830367	25
CCAAA	500	1.986766	5.3252025	47
TTCTG	620	1.9677993	5.002038	11
TTTGG	620	1.9526321	5.8257203	21
TCCTT	610	1.951099	5.0408916	10
CAATG	530	1.9439414	5.8448544	35
TCATC	565	1.9427054	5.507168	43
CAGCC	245	1.915116	10.443826	44
GTCAA	510	1.8705851	5.8745837	43
GTACC	360	1.8591572	6.9709096	52
GTGGT	390	1.8447963	6.2124147	4
AGAAG	470	1.8388821	5.174715	25
GCAAC	330	1.832047	7.548097	53
ACTTC	530	1.8223608	5.4517083	22
AGCAA	460	1.8137366	7.3752213	45
GATGG	355	1.805183	6.7254806	28
CCATC	345	1.7955316	6.828355	1
CCAAC	320	1.7903298	7.4979486	47
GCTGG	250	1.7899432	5.664603	19
GGAGC	230	1.7702563	8.119277	19
AAACC	445	1.7682219	7.379902	33
GGCAA	320	1.7628375	5.788006	5
TCTCT	550	1.7591876	6.7618	24
CATCG	340	1.7558707	6.9210663	47
TTGGG	370	1.7501915	6.319962	44
GGAAG	320	1.7492504	10.05094	6
GACCA	315	1.7487724	8.9464655	50
AGCCA	315	1.7487724	10.279717	30
TCAAT	715	1.7460563	5.131553	10
CAGTG	340	1.742337	5.533744	52
GGAAA	445	1.7410692	6.247445	41
GGAAC	315	1.7352933	5.8583765	37
CCAGT	335	1.730049	5.576728	52
AGTGG	340	1.7289077	5.3803844	28
TTCCA	500	1.7192085	5.490412	39
TCAAC	465	1.7187812	5.8665032	26
TGTTG	545	1.7164265	5.7907305	11
GACAA	435	1.715164	5.268015	45
AAGCA	435	1.715164	6.321618	44
GTCTT	540	1.7138897	5.9732323	51
GAAGA	435	1.701944	5.138456	3
CTGGC	235	1.6956159	7.63449	28
CTCTT	530	1.6952171	6.8514967	46
GTTGA	500	1.6928085	5.3410993	13
TTTCA	745	1.6923857	5.4300113	34
GAAAC	425	1.6757348	5.2149096	25
TTGAA	690	1.672018	6.3777695	14
GGCAC	215	1.6676586	8.157747	13
TTTCT	775	1.6377052	5.0257325	23
CAAAA	575	1.6226999	6.0637026	49
TGGTC	340	1.6207764	6.3690524	45
GGTTG	340	1.608284	6.27523	33
TCAGT	470	1.6035999	5.415142	26
GCATC	310	1.6009407	5.4919744	37
CTTCC	330	1.5976396	5.153711	38
CAGCG	205	1.590093	6.2370515	47
CACCT	305	1.5873541	8.210446	12
AGTAG	435	1.5832014	5.770601	24
AAAGC	400	1.5771624	5.2949753	50
AACAG	400	1.5771621	5.2626553	43
GTTGT	500	1.5747035	6.7670016	49
GCGGC	145	1.5713851	5.7681937	40
TTTCC	490	1.567276	5.958578	38
ATCAG	425	1.558821	5.780497	11
GGAGA	285	1.557926	7.3409038	48
TTCTC	485	1.5512836	5.07135	24
CAGCT	300	1.5492975	6.7825065	8
CTGGG	215	1.5393512	7.5225635	9
GCCTT	320	1.5372854	5.0474396	4
CACCC	195	1.536116	6.270273	32
GAGGA	280	1.5305941	5.813222	36
GTGGA	300	1.525507	5.435175	45
AGTCA	415	1.5221428	5.880566	44
TCCAA	410	1.5154845	5.902202	40
ACCCA	270	1.5105908	7.3478394	10
GCTTG	315	1.5016016	5.0286703	19
TGGGA	295	1.5000818	5.3749666	22
TGGGG	210	1.4919635	9.492259	45
GTTCT	465	1.4758495	5.027199	20
ACCGG	190	1.4737448	6.1121855	8
GAAAG	375	1.4671931	5.254163	49
GGCAG	190	1.4623857	6.1017222	21
AAGAA	520	1.4561743	5.1489024	6
CCAGA	260	1.4434311	5.96431	50
TGACC	275	1.4201895	6.8510866	32
GGTGT	300	1.419074	5.005002	27
AGCAC	255	1.4156729	5.8741245	27
GCAAT	385	1.4121082	5.8925667	46
TGGCC	195	1.4070004	7.751703	49
GGCCA	180	1.3961793	6.230687	46
AGCGG	180	1.3854179	6.077242	14
CGTTG	290	1.3824269	6.343214	38
GAGCA	250	1.3772168	5.7996163	17
TTCCT	430	1.3753649	7.561337	9
CGGCA	175	1.3573965	6.1121855	6
ACCCT	260	1.3531543	5.545872	42
ACCAT	365	1.3491507	6.8099294	15
AAAGA	480	1.3441609	5.148903	5
TGCCA	260	1.3427246	5.5143228	43
AAGAC	340	1.3405879	5.2626553	43
GTCAG	260	1.3323753	5.4004006	18
TGTGG	280	1.3244692	5.1079855	52
AGACA	335	1.3208734	5.268015	44
CCAGG	170	1.3186138	6.2498193	48
AATTG	540	1.3085358	5.190723	46
GAACA	330	1.3011589	6.2265086	14
GCAGA	235	1.2945838	5.8524466	34
GAAGC	235	1.2945838	5.788006	7
AGCCT	250	1.2910813	5.4975452	39
GGCGG	120	1.2904333	8.525079	22
GTGGC	180	1.2887592	5.6419225	5
ACAAA	455	1.2840494	5.1888967	3
TCCTC	265	1.282953	6.403174	27
GGACA	230	1.2670395	5.7996163	14
CAGAG	230	1.2670395	5.788006	10
CTGGT	265	1.2632523	5.0337296	20
CGGCC	115	1.2559514	5.939499	53
CTTGC	255	1.2250243	5.0474396	11
CTGTG	255	1.2155823	5.018583	17
TTGTG	385	1.2125216	5.921126	50
GATCT	355	1.2112297	5.409689	21
CCATA	325	1.2012987	5.8665032	26
AGGTG	235	1.1949803	5.3426843	9
TGTAG	350	1.184966	5.455902	49
GGGGA	155	1.1838036	6.1538477	50
ATGGG	230	1.1695554	5.353402	16
CCCTT	240	1.1619198	5.1432786	34
TGACA	315	1.1553614	5.780497	7
TGACG	225	1.1530172	5.384184	10
TGGGC	160	1.1455637	5.676013	24
TCCAG	220	1.1361516	5.4753327	31
CCACG	145	1.1334361	6.234552	37
AACGG	205	1.1293178	5.8465295	33
ACGGC	145	1.1247	6.2498193	48
CATCC	215	1.1189544	6.883422	28
GCGTC	155	1.118385	5.685746	8
TGGCG	155	1.1097648	5.681734	28
CGACG	140	1.0859172	6.155316	26
CGACA	195	1.0825732	7.4553866	49
TCTGC	225	1.0809039	6.3092995	11
TCGTC	225	1.0809039	5.0474396	3
GGGCA	140	1.0775472	6.0711517	13
AAAGG	275	1.0759416	5.1333175	2
AGAGT	295	1.0736654	5.7416897	13
GGAGG	140	1.0692419	6.0183277	7
CGTTC	220	1.0568838	5.1295953	43
GCCCA	135	1.0552682	6.1968813	22
GGCAT	205	1.0505267	5.384184	6
GTCTG	220	1.0487376	5.018583	15
CTCCA	200	1.040888	5.557155	43
GGTGC	145	1.0381671	5.6589165	18
GCTCT	215	1.0328636	5.1876464	52
AGACC	185	1.0270568	5.96431	50
GTCTC	210	1.0088437	5.134819	44
CTTCG	210	1.0088437	5.067731	19
CCGGA	130	1.0083518	6.1121864	4
GACGT	195	0.99928147	5.46071	42
GAGCT	195	0.99928147	5.4112673	20
GAGAC	180	0.9915961	5.9183397	49
GAGCC	125	0.9695689	6.155316	30
CCTGC	130	0.9452863	5.793705	35
CTCCT	195	0.94405985	5.1589437	42
CATGG	180	0.9224137	5.384184	9
TCGAC	175	0.903757	5.5481877	48
CCCAG	115	0.89893216	6.2854986	47
GCGGT	125	0.8949716	5.681734	25
GCCAG	115	0.8920034	6.167751	31
TGAGG	175	0.8898789	5.353401	17
CGAAC	160	0.88826525	5.844665	15
CCGGC	80	0.8737054	5.777839	25
GTGAC	170	0.8711685	5.5337443	52
CGGCG	80	0.86697114	5.7565174	35
GGCCG	80	0.86697114	5.7333055	26
GGGGC	80	0.86028886	8.638166	46
CTCGT	175	0.840703	5.0524974	12
CTGCC	115	0.8362148	5.735652	12
AGAGC	150	0.8263301	5.8465295	32
CTAGC	160	0.8262921	5.4642935	25
CTGAG	160	0.8199233	5.477392	45
CCCTG	110	0.7998576	5.841001	46
TCGCC	110	0.7998576	5.724181	2
CTGCG	110	0.7936925	5.685746	9
GGCGA	100	0.7696767	6.0650754	11
GGGCC	70	0.75859976	5.7681937	41
CCTCC	100	0.7327913	5.815164	28
CCTGA	140	0.72300553	5.519938	44
GCGTA	140	0.71743286	5.422177	30
GGCGT	100	0.71597725	7.5756454	29
AGGGT	140	0.7119032	5.3426847	8
AGGCC	90	0.69808966	6.327537	53
CAGGG	90	0.69270897	6.182663	46
CCTCG	90	0.65442896	7.6398807	11
GGACT	125	0.64056504	5.4496446	36
GGACG	80	0.6157413	6.0650754	5
TGCGG	85	0.6085807	5.6419225	10
CGGAC	75	0.58174133	6.124447	17
CGCCC	50	0.55030745	5.840381	32
CGCCT	75	0.54535747	5.7299104	3
GTCCC	75	0.54535747	5.7299104	10
GCCCG	45	0.49145928	5.795366	33
GCCGG	45	0.48767132	5.6931324	3
CCCGG	30	0.32763952	5.772021	23
TGCGC	45	0.3246924	5.7782917	43
CTCCG	35	0.25450015	5.724181	1
GCGCG	20	0.21674278	5.791689	44
>>END_MODULE
