##FastQC	0.10.1
>>Basic Statistics	pass
#Measure	Value	
Filename	Trimmed_Partial_SRR2467143.fastq	
File type	Conventional base calls	
Encoding	Sanger / Illumina 1.9	
Total Sequences	4999	
Filtered Sequences	0	
Sequence length	13-57	
%GC	41	
>>END_MODULE
>>Per base sequence quality	pass
#Base	Mean	Median	Lower Quartile	Upper Quartile	10th Percentile	90th Percentile
1	39.084416883376676	40.0	38.0	41.0	36.0	41.0
2	39.051810362072416	40.0	38.0	41.0	36.0	41.0
3	39.13162632526505	40.0	39.0	41.0	36.0	41.0
4	38.97139427885577	40.0	38.0	41.0	35.0	41.0
5	38.7123424684937	40.0	38.0	41.0	34.0	41.0
6	39.20084016803361	41.0	39.0	41.0	36.0	41.0
7	39.33146629325865	41.0	39.0	41.0	36.0	41.0
8	39.03020604120824	40.0	39.0	41.0	35.0	41.0
9	39.220844168833764	41.0	39.0	41.0	36.0	41.0
10	39.351870374074814	41.0	39.0	41.0	36.0	41.0
11	39.27085417083417	41.0	39.0	41.0	36.0	41.0
12	39.170434086817366	41.0	39.0	41.0	36.0	41.0
13	39.08001600320064	40.0	39.0	41.0	36.0	41.0
14	38.7280912364946	40.0	38.0	41.0	34.0	41.0
15	38.18427370948379	40.0	38.0	41.0	33.0	41.0
16	38.463585434173666	40.0	38.0	41.0	34.0	41.0
17	38.91895137082249	40.0	38.0	41.0	35.0	41.0
18	38.7341873498799	40.0	38.0	41.0	34.0	41.0
19	38.61506108551973	40.0	38.0	41.0	34.0	41.0
20	38.896855597836975	40.0	38.0	41.0	35.0	41.0
21	38.97636691367915	40.0	38.0	41.0	35.0	41.0
22	38.72719983964723	40.0	38.0	41.0	34.0	41.0
23	38.72760072158749	40.0	38.0	41.0	35.0	41.0
24	38.64354450681636	40.0	38.0	41.0	34.0	41.0
25	38.723481050731905	40.0	38.0	41.0	35.0	41.0
26	38.720962888666	40.0	38.0	41.0	34.0	41.0
27	38.169610598153355	40.0	38.0	41.0	33.0	41.0
28	38.66787148594378	40.0	38.0	41.0	34.0	41.0
29	38.49899558055444	40.0	38.0	41.0	34.0	41.0
30	37.77185929648241	40.0	38.0	41.0	32.0	41.0
31	38.48169750603379	40.0	38.0	41.0	34.0	41.0
32	38.461074230537115	40.0	38.0	41.0	34.0	41.0
33	38.721786360893184	40.0	38.0	41.0	35.0	41.0
34	38.71448692152917	40.0	38.0	41.0	35.0	41.0
35	38.64527162977867	40.0	38.0	41.0	34.0	41.0
36	38.72193158953722	40.0	38.0	41.0	35.0	41.0
37	38.52857142857143	40.0	38.0	41.0	34.0	41.0
38	38.51841416784061	40.0	38.0	41.0	34.0	41.0
39	38.593599033816425	40.0	38.0	41.0	34.0	41.0
40	38.57514101531024	40.0	38.0	41.0	34.0	41.0
41	38.16122531237404	40.0	37.0	41.0	33.0	41.0
42	37.76991328896955	40.0	37.0	41.0	33.0	41.0
43	37.93240516545601	40.0	37.0	41.0	33.0	41.0
44	37.97556542810985	40.0	37.0	41.0	33.0	41.0
45	37.83538679054736	40.0	37.0	41.0	33.0	41.0
46	37.920339668418926	39.0	37.0	41.0	33.0	41.0
47	37.85049565041473	39.0	37.0	41.0	33.0	41.0
48	37.79833974488763	39.0	37.0	41.0	33.0	41.0
49	37.685777957860616	39.0	36.0	41.0	33.0	41.0
50	37.470600162206004	39.0	36.0	41.0	32.0	41.0
51	37.2681144712807	39.0	36.0	41.0	32.0	41.0
52	36.93275091426249	38.0	35.0	40.0	32.0	41.0
53	36.77633184221228	38.0	35.0	40.0	31.0	41.0
54	36.364636382155226	37.0	35.0	40.0	31.0	41.0
55	36.38022426095821	37.0	35.0	40.0	31.0	41.0
56	35.98937040065413	37.0	35.0	39.0	30.0	41.0
57	36.301832406835494	37.0	35.0	39.0	31.0	41.0
>>END_MODULE
>>Per sequence quality scores	pass
#Quality	Count
22	2.0
23	3.0
24	3.0
25	9.0
26	12.0
27	29.0
28	35.0
29	49.0
30	59.0
31	89.0
32	90.0
33	109.0
34	165.0
35	162.0
36	269.0
37	390.0
38	615.0
39	1124.0
40	1785.0
>>END_MODULE
>>Per base sequence content	warn
#Base	G	A	T	C
1	19.16383276655331	27.785557111422282	33.06661332266454	19.983996799359872
2	20.004000800160032	27.425485097019404	31.86637327465493	20.70414082816563
3	21.244248849769953	27.985597119423883	31.10622124424885	19.66393278655731
4	21.144228845769153	27.68553710742148	31.286257251450287	19.88397679535907
5	20.144028805761153	27.925585117023406	31.00620124024805	20.924184836967395
6	20.86417283456691	29.425885177035404	29.405881176235248	20.304060812162433
7	21.544308861772354	28.105621124224843	30.28605721144229	20.064012802560512
8	19.88397679535907	28.265653130626124	31.04620924184837	20.80416083216643
9	21.584316863372674	28.525705141028208	29.56591318263653	20.324064812962593
10	20.90418083616723	28.245649129825967	30.546109221844368	20.304060812162433
11	19.711827096257757	28.13688212927757	29.697818691214728	22.453472083249952
12	20.944188837767552	28.185637127425483	29.745949189837965	21.124224844968996
13	21.064212842568512	28.74574914982996	30.506101220244048	19.683936787357474
14	20.78831532613045	27.571028411364544	31.612645058023208	20.028011204481793
15	21.88875550220088	27.81112444977991	29.751900760304125	20.548219287715085
16	20.72829131652661	28.19127651060424	30.352140856342537	20.72829131652661
17	18.711226736041624	27.516509905943565	31.93916349809886	21.83309985991595
18	19.955964771817452	29.603682946357086	29.523618895116094	20.916733386709367
19	19.82775886240737	28.660124173843382	31.14360104145804	20.36851592229121
20	20.248347686761466	27.03785299419187	30.70298417784899	22.010815141197675
21	20.248347686761466	29.56138594031644	29.961946725415583	20.22831964750651
22	20.19250050130339	28.634449568879084	30.679767395227593	20.493282534589934
23	20.444978953698136	27.881338945680493	30.38685107235919	21.286831028262178
24	21.271050521251002	28.428227746591823	29.891740176423415	20.40898155573376
25	20.57349107679968	29.13575295768999	30.659715259675156	19.631040705835172
26	20.300902708124376	28.826479438314944	30.59177532597793	20.28084252758275
27	19.51023685266961	29.546366920915297	30.248896025692495	20.6945002007226
28	20.783132530120483	27.7710843373494	30.160642570281126	21.285140562248998
29	20.75130574527923	26.496584973885096	31.197267979108073	21.5548413017276
30	20.26130653266332	28.42211055276382	30.693467336683415	20.623115577889447
31	21.259050683829443	27.976669348350764	29.92759452936444	20.836685438455348
32	19.452826393079864	28.605914302957153	30.376181854757593	21.56507744920539
33	20.108695652173914	28.844605475040257	31.280193236714975	19.766505636070853
34	21.167002012072434	27.002012072434606	30.181086519114686	21.64989939637827
35	20.945674044265594	26.820925553319917	29.979879275653925	22.253521126760564
36	21.388329979879277	28.148893360160965	29.939637826961768	20.52313883299799
37	19.235412474849095	28.69215291750503	31.730382293762577	20.3420523138833
38	19.883276313141476	27.128194807808413	31.314147715838196	21.674381163211915
39	20.591787439613526	28.140096618357486	30.998389694041865	20.26972624798712
40	21.15229653505238	27.25624496373892	31.305398871877514	20.286059629331184
41	20.294236195082625	27.146311970979443	31.237404272470776	21.32204756146715
42	21.213954426295626	29.28009679370841	29.36075821738254	20.14519056261343
43	21.569814366424538	27.239709443099276	30.58918482647296	20.60129136400323
44	20.75928917609047	28.231017770597738	29.604200323101775	21.405492730210014
45	20.9856594627348	27.348010502928698	31.38759846495657	20.278731569379925
46	21.006874241811566	27.860897695107155	30.954306510311362	20.177921552769913
47	18.854946388832694	28.26218895407647	30.750556342302243	22.13230831478859
48	20.489977728285076	29.054464466491194	30.24903826685564	20.206519538368088
49	19.833873581847648	28.829011345218802	30.996758508914102	20.340356564019448
50	19.64720194647202	28.710462287104622	30.940794809407947	20.70154095701541
51	21.98092145321697	28.09011568906028	29.713821798254514	20.215141059468237
52	20.174725721251523	27.387240958959776	29.926859000406335	22.511174319382366
53	18.93045953639691	28.202521350142334	31.252541683611224	21.614477429849533
54	21.022611529843147	28.946832348747197	29.822774495823996	20.207781625585657
55	20.38735983690112	29.0316004077472	31.274209989806316	19.30682976554536
56	18.84709730171709	27.739165985282092	31.19378577269011	22.219950940310714
57	19.497632283302448	28.412600370599133	29.99794111591517	22.09182623018324
>>END_MODULE
>>Per base GC content	pass
#Base	%GC
1	39.147829565913185
2	40.70814162832567
3	40.90818163632727
4	41.028205641128224
5	41.068213642728544
6	41.16823364672935
7	41.60832166433286
8	40.688137627525506
9	41.90838167633527
10	41.20824164832966
11	42.165299179507706
12	42.06841368273655
13	40.74814962992598
14	40.816326530612244
15	42.436974789915965
16	41.45658263305322
17	40.54432659595758
18	40.87269815852682
19	40.19627478469857
20	42.25916282795914
21	40.47666733426797
22	40.68578303589332
23	41.73180998196031
24	41.680032076984766
25	40.20453178263485
26	40.581745235707125
27	40.204737053392215
28	42.06827309236948
29	42.30614704700683
30	40.88442211055276
31	42.09573612228479
32	41.01790384228525
33	39.87520128824477
34	42.816901408450704
35	43.199195171026155
36	41.91146881287726
37	39.57746478873239
38	41.55765747635339
39	40.86151368760064
40	41.43835616438356
41	41.61628375654978
42	41.35914498890905
43	42.17110573042777
44	42.16478190630048
45	41.26439103211472
46	41.18479579458148
47	40.98725470362128
48	40.69649726665317
49	40.1742301458671
50	40.34874290348743
51	42.19606251268521
52	42.68590004063389
53	40.54493696624644
54	41.2303931554288
55	39.694189602446485
56	41.067048242027795
57	41.58945851348569
>>END_MODULE
>>Per sequence GC content	pass
#GC Content	Count
0	2.0
1	2.0
2	1.5
3	1.0
4	0.5
5	0.0
6	0.0
7	0.5
8	1.0
9	1.0
10	1.5
11	2.5
12	2.5
13	3.0
14	4.0
15	5.5
16	7.0
17	9.5
18	12.5
19	12.5
20	15.0
21	16.5
22	22.0
23	29.0
24	34.5
25	47.5
26	55.0
27	71.5
28	89.0
29	105.5
30	121.0
31	156.5
32	219.5
33	248.5
34	265.0
35	282.5
36	331.5
37	376.5
38	398.5
39	457.0
40	493.5
41	488.5
42	480.5
43	488.0
44	499.0
45	485.0
46	426.5
47	384.5
48	337.0
49	288.0
50	240.0
51	194.0
52	160.0
53	124.0
54	106.5
55	75.0
56	57.0
57	42.0
58	29.0
59	18.5
60	9.0
61	9.0
62	8.5
63	8.0
64	5.0
65	1.5
66	0.5
67	0.0
68	0.0
69	0.0
70	0.0
71	0.0
72	0.0
73	0.0
74	0.0
75	0.0
76	0.0
77	0.0
78	0.0
79	0.0
80	0.0
81	0.0
82	0.0
83	0.0
84	0.0
85	0.0
86	0.0
87	0.0
88	0.0
89	0.0
90	0.0
91	0.0
92	0.0
93	0.0
94	0.0
95	0.0
96	0.0
97	0.0
98	0.0
99	0.0
100	0.0
>>END_MODULE
>>Per base N content	pass
#Base	N-Count
1	0.0
2	0.0
3	0.0
4	0.0
5	0.0
6	0.0
7	0.0
8	0.0
9	0.0
10	0.0
11	0.040008001600320066
12	0.0
13	0.0
14	0.0
15	0.0
16	0.0
17	0.0
18	0.0
19	0.0
20	0.0
21	0.0
22	0.04008819402685909
23	0.0
24	0.0
25	0.0
26	0.0
27	0.0
28	0.0
29	0.0
30	0.0
31	0.0
32	0.0
33	0.06035003017501509
34	0.0
35	0.0
36	0.0
37	0.0
38	0.0
39	0.0
40	0.0
41	0.0
42	0.0
43	0.0
44	0.0
45	0.0
46	0.0
47	0.0
48	0.0
49	0.0
50	0.0
51	0.0
52	0.0
53	0.0
54	0.0
55	0.0
56	0.0
57	0.0
>>END_MODULE
>>Sequence Length Distribution	warn
#Length	Count
13	1.0
14	0.0
15	0.0
16	1.0
17	1.0
18	3.0
19	0.0
20	0.0
21	4.0
22	0.0
23	1.0
24	1.0
25	2.0
26	3.0
27	2.0
28	2.0
29	3.0
30	3.0
31	1.0
32	0.0
33	1.0
34	0.0
35	0.0
36	0.0
37	1.0
38	1.0
39	4.0
40	2.0
41	3.0
42	3.0
43	4.0
44	1.0
45	5.0
46	3.0
47	4.0
48	3.0
49	4.0
50	5.0
51	5.0
52	4.0
53	9.0
54	4.0
55	13.0
56	35.0
57	4857.0
>>END_MODULE
>>Sequence Duplication Levels	pass
#Total Duplicate Percentage	3.9007801560312063
#Duplication Level	Relative count
1	100.0
2	1.7901748542880933
3	0.10407993338884262
4	0.041631973355537054
5	0.0
6	0.0
7	0.0
8	0.0
9	0.0
10++	0.0
>>END_MODULE
>>Overrepresented sequences	pass
>>END_MODULE
>>Kmer Content	warn
#Sequence	Count	Obs/Exp Overall	Obs/Exp Max	Max Obs/Exp Position
GCAGC	430	3.177929	9.725504	4
CTTCA	860	2.9364312	9.095699	44
CAGCA	535	2.9322295	8.777909	48
TCTTG	940	2.9189734	6.6581745	50
AGCAG	530	2.8823493	5.7948933	45
CACCA	520	2.8722417	8.992428	53
CTTGG	615	2.8096654	12.170101	45
TTCTT	1325	2.7966695	5.045038	37
CTTCT	880	2.7539651	7.465149	34
CAAAG	680	2.7425096	7.5205917	45
ACCAG	495	2.7129974	7.2706356	29
TCTTC	840	2.628785	5.794544	24
ACCAA	645	2.6216357	8.627021	31
TGGCA	510	2.5421154	6.579118	19
TTCAA	985	2.4748719	5.354528	45
CAACA	600	2.438731	6.4702654	33
TCAGC	485	2.4363534	6.617133	8
CTTGA	695	2.3546848	8.979831	28
GCTTC	510	2.3481355	6.107749	36
CCTTG	510	2.3481352	8.568141	40
CCTTC	495	2.2968442	7.416386	43
TGGAA	625	2.2924514	5.8863997	49
TGGAG	460	2.2751472	5.243628	27
GGCAA	415	2.256934	7.2436175	46
AACCA	555	2.255826	5.4137397	42
ACCAC	405	2.237034	7.3199444	27
TTGGA	645	2.1683743	8.059939	46
GCACC	290	2.159967	6.062873	53
CTCTT	690	2.159359	6.6090393	19
GATGG	435	2.151498	6.5086083	5
CAGCG	290	2.1432545	11.812496	42
TCTTT	1015	2.142354	5.5550957	3
AGCAA	510	2.056882	6.4593096	48
CCAAG	375	2.055301	7.3001018	45
TCACC	405	2.0503452	6.8120723	52
CTTGT	660	2.0494921	6.6649694	51
CCACC	270	2.0266852	7.957978	28
TTGGC	440	2.0101674	6.0361266	22
AACAA	655	1.9590656	7.1707554	44
GGCAG	265	1.9433371	5.8963923	50
TACCA	520	1.937182	5.942291	38
CCAAA	475	1.9306619	5.4137397	45
AGTGG	385	1.9041995	5.324135	52
TGTGG	420	1.9039494	8.487554	49
CCAGC	255	1.8992813	9.880465	33
TCATC	555	1.8950224	5.4244447	25
CAGTG	375	1.8692027	6.6123123	32
GGTGG	280	1.8674169	5.3844557	52
CATCA	500	1.8626746	5.9243193	26
CCAAC	335	1.8503863	7.493689	53
GCAAC	335	1.8360687	5.8638453	49
GTTGG	405	1.8359512	6.062538	49
CAGCT	365	1.8335444	7.932612	2
CAATG	495	1.8297797	5.83729	16
TTCAG	540	1.8295394	5.350147	15
ACCTT	535	1.8267336	5.4574203	42
GAAGA	455	1.8208627	5.3302865	42
TCTGG	395	1.8045819	7.2872944	39
AGAAG	450	1.8008533	5.30342	27
ATACC	480	1.788168	5.918354	25
CACCG	240	1.787559	9.8804655	36
AGCTT	525	1.7787187	5.3878984	26
GACAG	325	1.7674782	5.731022	10
TGGGA	355	1.75582	7.9617534	51
GCCAA	320	1.7538569	5.8998566	52
TCAAT	695	1.7462292	5.3061433	19
CTGGC	255	1.7273098	5.4687567	52
GAAGC	315	1.7130944	7.214379	33
CAACC	310	1.7122977	5.861865	29
GACCA	310	1.6990489	5.816509	30
GAACC	310	1.6990486	7.270635	32
CTGGA	340	1.6947436	5.300547	39
GCTTG	370	1.6903679	7.2652574	27
GGAAC	310	1.6859024	5.7773333	37
CAATT	670	1.6834152	5.4539924	53
TGATG	500	1.6809102	5.314068	7
GCCTT	360	1.6575074	6.0649095	11
GTGGA	335	1.6569005	5.368089	53
AAAGC	410	1.6535718	5.3073244	3
AAGCA	410	1.6535717	5.3073244	14
AGCGG	225	1.6500032	7.8140645	43
CAAGT	445	1.6449535	7.8300805	25
GACAA	405	1.6334063	5.3609877	40
CATCG	325	1.632608	5.3043365	20
ACCGT	325	1.632608	5.2937064	11
CGGCA	220	1.625917	7.8749967	47
TGGTC	355	1.6218394	6.0788918	41
ATGGA	440	1.613886	5.832996	35
TACCG	320	1.607491	5.304337	19
TTCCA	470	1.604794	5.4353924	32
ACACC	290	1.6018269	5.9949512	53
AGCCA	290	1.5894328	5.881796	51
TGTTC	510	1.5836985	5.7209325	13
TGAGC	315	1.5701302	5.2898493	30
GAAAG	390	1.5607394	6.422372	49
GAGCA	285	1.5499426	5.7948937	42
GCGGC	155	1.5446814	7.964219	44
ACAAC	380	1.5445297	5.41374	45
GGAAA	385	1.54073	5.28743	22
TAGCA	415	1.5340577	5.9082594	47
TTCCT	490	1.5334581	5.7655435	3
ACCGG	205	1.5150591	5.8943043	39
TTGAG	450	1.5128193	5.3516045	29
GTTGA	450	1.5128193	5.3732934	45
CAAGA	375	1.5124134	5.371851	44
GCTGG	225	1.5123044	5.409832	51
GTGGC	225	1.5123041	5.471243	53
GGTAG	305	1.5085216	6.528212	20
AGCCT	300	1.5070227	5.2937064	10
CAGCC	200	1.4896324	5.9282784	29
CCAGT	295	1.4819057	5.325725	35
ACCGA	270	1.4798168	7.2779803	37
TTGGG	325	1.4732941	6.0075355	26
CAATA	535	1.4666141	5.0504084	5
GTTGT	475	1.4636006	6.487619	3
ATTGG	435	1.4623922	5.3462105	28
AGCGT	290	1.4455168	5.2898498	32
AACAC	355	1.4429159	6.463743	34
CAGTC	285	1.4316716	7.932612	12
GGTTG	315	1.4279621	6.037968	43
CCTGG	210	1.4224905	7.195927	37
ATGGC	285	1.4205941	5.2685843	21
GCTCT	305	1.4042771	8.482374	4
GGAGA	260	1.4030421	5.680986	12
AACCG	255	1.3976047	7.2706356	33
GGAGC	190	1.393336	7.8061557	41
AAAGT	510	1.3872632	5.1032825	50
ATCAG	375	1.3861967	5.950462	51
GTTTC	445	1.3818547	5.738164	18
TTGTC	445	1.3818547	6.685435	52
CTGGG	205	1.3778772	5.3497825	33
GAAAC	340	1.3712548	5.334021	23
CCAGA	250	1.3702006	5.8106456	28
TGAAA	500	1.3600616	5.0365386	23
CCACA	245	1.3532677	7.327332	29
CACCC	180	1.3511235	6.1101503	53
GCAGT	270	1.345826	5.2898498	32
CGGCG	135	1.3453677	5.3094797	42
CAAGG	245	1.3324069	5.7773337	37
CAGAG	245	1.3324066	7.214379	29
AAGAG	330	1.3206257	5.292749	23
GCATC	260	1.3060864	5.2937064	10
AACGG	240	1.3052149	5.8303366	50
TCTGT	420	1.3042223	6.590989	36
GTAGA	355	1.3021123	5.792123	4
GGTAC	260	1.2959806	5.2845173	34
GGGAA	240	1.2951157	5.7210736	34
GAGCC	175	1.2933432	7.780403	14
GCAAA	320	1.2905926	5.382758	48
GGAGT	260	1.2859529	5.2436285	28
GTACC	255	1.2809693	5.2884073	1
GGTTC	280	1.2791973	6.0179815	9
CTGGT	280	1.2791972	6.072746	40
GTAGC	255	1.2710577	5.284517	35
TTTCC	405	1.2674499	6.589192	2
CCATC	250	1.2656451	5.3780975	37
TGACA	340	1.2568182	5.0150084	53
GCGAC	170	1.2563906	6.015962	53
GTCAG	250	1.2461351	5.2791953	25
TGGCG	185	1.2434502	5.3497825	33
GAGAA	310	1.2405878	6.370526	31
GTGGG	185	1.2338289	8.937501	50
CGACA	225	1.2331806	5.840081	45
GTCAC	245	1.2307352	5.34188	39
GAACA	305	1.2300961	5.3609877	38
GGCGT	180	1.2098434	5.3069415	4
AATCA	440	1.2061872	5.8778014	50
GGATT	355	1.1934465	5.3624277	40
TGCTG	260	1.187826	6.0179815	11
AGAGA	295	1.1805593	6.370526	30
GGTCA	235	1.171367	5.3112884	44
AGGCA	215	1.169255	5.7425303	18
GAAGG	215	1.1602079	5.7038245	22
CCGGC	115	1.1549908	5.372656	49
CGGAA	205	1.114871	5.7310224	8
AACCC	200	1.1047082	5.8149233	1
CATGG	220	1.096599	5.2791953	25
AGCTG	215	1.0716763	6.6189914	37
GAGCG	145	1.0633354	5.8368936	31
GCCTC	155	1.0581207	5.3954306	9
CCCAT	205	1.037829	6.6620574	3
CATCC	205	1.037829	5.334986	9
GGCAC	140	1.0346745	5.8943043	39
CCTCC	150	1.0319726	5.4981036	43
GGGTG	150	1.000402	5.308389	29
GAGGC	135	0.9900019	5.884396	49
CTACC	195	0.98720324	5.3944435	44
CACAG	180	0.9865445	5.8341703	41
GGAGG	135	0.98234177	5.7453504	6
TCGGT	215	0.98224074	6.06049	33
GCCCA	130	0.9682611	5.880805	14
CCCAG	130	0.96826106	5.9523034	47
GCCAC	130	0.96826106	5.9523034	46
GAGTG	195	0.96446466	5.2436285	35
GAGGT	195	0.96446466	5.24892	36
AGAGT	260	0.9536599	6.791469	24
GACGA	175	0.95171916	5.7310224	11
GCGTA	190	0.94706273	5.2845173	27
GTTCG	205	0.93655515	6.0850506	47
CCGAC	125	0.93102026	9.900444	38
GGACC	125	0.92381656	5.9302816	49
GCGTC	135	0.91445816	5.3483243	12
GAGGG	125	0.9095757	5.8567395	51
GGTGC	135	0.90738255	5.3497825	31
CGGCC	90	0.9039058	5.361747	48
TGGGG	135	0.9003616	5.2711554	9
GGCGG	90	0.8899719	5.2683973	43
TCCCA	175	0.8859515	6.709067	28
TCGGC	130	0.8805893	7.1310983	6
GACAC	160	0.8769283	7.34475	50
TGACG	175	0.87229455	6.5593605	1
GATAA	320	0.8704396	5.0517855	31
CCGGA	115	0.8499112	5.8943043	38
ACGGC	115	0.8499112	5.8411493	8
GCCGG	85	0.84708345	5.30948	47
GCGGT	125	0.8401691	5.3497825	36
GCTGA	165	0.8224492	5.3005476	38
GGATC	165	0.8224492	5.40995	53
CCGTC	120	0.81919026	5.4116983	21
GGGTC	120	0.8065623	5.34439	35
CGACT	160	0.8037455	5.325725	27
TGCCG	115	0.7789829	5.3536835	8
CGTGA	155	0.7726038	5.273885	24
ACGGG	105	0.7700015	5.8310094	34
GGGGT	115	0.76697487	5.4289103	53
GGGAG	105	0.7640436	5.8152027	46
CGTAG	150	0.7476811	5.247489	3
CGGTC	110	0.7451141	5.3860645	34
GGCTC	110	0.7451141	7.131099	3
GGGGC	75	0.74164337	5.268398	43
GGGCT	110	0.7393488	8.952441	44
GATGC	145	0.7227584	5.2845173	34
GCCAG	95	0.7021006	7.9070425	49
GGCGC	70	0.69759804	5.2880487	31
GGACG	90	0.6600013	5.8546166	41
CTCCC	95	0.6535826	5.509267	48
GCGCC	65	0.6528208	5.350882	47
GACTG	130	0.6479903	5.3005476	39
GAGTC	130	0.6479903	5.3005476	40
GGGCC	65	0.6477697	5.288049	33
CTGCG	95	0.6435076	5.4520164	51
CCGGT	95	0.6435076	5.364434	19
AGGGG	85	0.6185115	5.8747234	52
GGGCG	60	0.59331465	5.2418437	28
CCGCT	85	0.58025974	5.39003	12
CGGGC	55	0.54811275	5.245702	17
GCACG	70	0.51733726	5.8943043	39
GTCGG	75	0.50410146	5.393321	49
CGCCG	50	0.5021699	5.329284	30
GGCCC	50	0.5021699	5.3132	23
CCGCG	50	0.5021699	5.2866077	14
TCCCC	70	0.48158717	5.520476	49
GCGCG	45	0.4484559	5.2509584	10
TGCCC	65	0.443728	5.4225974	25
CGTCG	60	0.40642586	5.3483243	15
CCGGG	40	0.39862752	5.288049	29
CGGGG	40	0.39554307	5.2051134	12
CGCAG	45	0.33257395	5.8764787	28
CCCGC	25	0.25304285	5.3278313	13
CGCGC	25	0.25108495	5.2866077	15
>>END_MODULE
