##FastQC	0.10.1
>>Basic Statistics	pass
#Measure	Value	
Filename	Trimmed_Partial_SRR2467144.fastq	
File type	Conventional base calls	
Encoding	Sanger / Illumina 1.9	
Total Sequences	5000	
Filtered Sequences	0	
Sequence length	57	
%GC	41	
>>END_MODULE
>>Per base sequence quality	pass
#Base	Mean	Median	Lower Quartile	Upper Quartile	10th Percentile	90th Percentile
1	39.1832	40.0	39.0	41.0	36.0	41.0
2	39.1434	40.0	39.0	41.0	36.0	41.0
3	39.193	41.0	39.0	41.0	36.0	41.0
4	39.055	41.0	38.0	41.0	36.0	41.0
5	38.8114	40.0	38.0	41.0	34.0	41.0
6	39.2388	41.0	39.0	41.0	36.0	41.0
7	39.3582	41.0	39.0	41.0	36.0	41.0
8	38.996	41.0	39.0	41.0	35.0	41.0
9	39.2062	41.0	39.0	41.0	36.0	41.0
10	39.3456	41.0	39.0	41.0	36.0	41.0
11	39.3518	41.0	39.0	41.0	36.0	41.0
12	39.2478	41.0	39.0	41.0	36.0	41.0
13	39.0772	40.0	39.0	41.0	36.0	41.0
14	38.7952	40.0	39.0	41.0	35.0	41.0
15	38.3226	40.0	38.0	41.0	34.0	41.0
16	38.5648	40.0	38.0	41.0	34.0	41.0
17	38.9598	40.0	38.0	41.0	35.0	41.0
18	38.814	40.0	38.0	41.0	35.0	41.0
19	38.6046	40.0	38.0	41.0	34.0	41.0
20	38.8682	40.0	38.0	41.0	35.0	41.0
21	39.0488	40.0	38.0	41.0	36.0	41.0
22	38.6748	40.0	38.0	41.0	34.0	41.0
23	38.7006	40.0	38.0	41.0	35.0	41.0
24	38.6216	40.0	38.0	41.0	34.0	41.0
25	38.7404	40.0	38.0	41.0	34.0	41.0
26	38.7686	40.0	38.0	41.0	35.0	41.0
27	38.1818	40.0	38.0	41.0	33.0	41.0
28	38.6354	40.0	38.0	41.0	34.0	41.0
29	38.4936	40.0	38.0	41.0	34.0	41.0
30	38.0086	40.0	38.0	41.0	33.0	41.0
31	38.4338	40.0	38.0	41.0	34.0	41.0
32	38.4214	40.0	38.0	41.0	34.0	41.0
33	38.6658	40.0	38.0	41.0	34.0	41.0
34	38.5652	40.0	38.0	41.0	34.0	41.0
35	38.5856	40.0	38.0	41.0	34.0	41.0
36	38.6862	40.0	38.0	41.0	35.0	41.0
37	38.4406	40.0	38.0	41.0	34.0	41.0
38	38.4268	40.0	38.0	41.0	34.0	41.0
39	38.4366	40.0	38.0	41.0	34.0	41.0
40	38.473	40.0	38.0	41.0	34.0	41.0
41	38.0488	40.0	38.0	41.0	33.0	41.0
42	37.5142	40.0	37.0	41.0	31.0	41.0
43	37.7476	40.0	37.0	41.0	32.0	41.0
44	37.753	40.0	37.0	41.0	33.0	41.0
45	37.801	40.0	37.0	41.0	33.0	41.0
46	37.749	40.0	37.0	41.0	33.0	41.0
47	37.6452	39.0	37.0	41.0	33.0	41.0
48	37.6186	39.0	36.0	41.0	33.0	41.0
49	37.4156	39.0	36.0	41.0	32.0	41.0
50	37.1408	39.0	36.0	41.0	32.0	41.0
51	36.9658	39.0	36.0	41.0	32.0	41.0
52	36.6504	39.0	35.0	40.0	31.0	41.0
53	36.5292	38.0	35.0	40.0	31.0	41.0
54	36.0326	37.0	35.0	40.0	31.0	41.0
55	36.0282	37.0	35.0	40.0	31.0	41.0
56	35.5988	37.0	35.0	39.0	30.0	41.0
57	35.7142	37.0	35.0	39.0	30.0	41.0
>>END_MODULE
>>Per sequence quality scores	pass
#Quality	Count
5	1.0
6	0.0
7	0.0
8	0.0
9	0.0
10	0.0
11	1.0
12	0.0
13	1.0
14	0.0
15	0.0
16	3.0
17	1.0
18	2.0
19	3.0
20	2.0
21	4.0
22	6.0
23	5.0
24	7.0
25	15.0
26	18.0
27	26.0
28	35.0
29	40.0
30	55.0
31	69.0
32	90.0
33	114.0
34	133.0
35	192.0
36	266.0
37	332.0
38	597.0
39	1120.0
40	1860.0
41	2.0
>>END_MODULE
>>Per base sequence content	warn
#Base	G	A	T	C
1	19.7	27.42	33.18	19.7
2	20.3	28.139999999999997	30.86	20.7
3	21.3	29.060000000000002	29.28	20.36
4	21.4	28.68	30.2	19.72
5	19.84	28.1	30.7	21.36
6	19.759999999999998	28.439999999999998	30.459999999999997	21.34
7	20.419999999999998	28.360000000000003	31.540000000000003	19.68
8	19.7	28.1	30.740000000000002	21.46
9	20.54	29.7	30.680000000000003	19.08
10	20.62	27.76	31.019999999999996	20.599999999999998
11	19.66393278655731	27.625525105021005	31.00620124024805	21.704340868173635
12	20.4	28.360000000000003	29.2	22.040000000000003
13	19.62	28.720000000000002	31.96	19.7
14	19.3	29.42	30.320000000000004	20.96
15	20.24	29.060000000000002	30.220000000000002	20.48
16	20.380000000000003	28.499999999999996	30.159999999999997	20.96
17	18.98	28.18	31.419999999999998	21.42
18	20.5	28.88	30.680000000000003	19.939999999999998
19	20.919999999999998	27.76	31.06	20.26
20	19.939999999999998	27.500000000000004	30.919999999999998	21.64
21	20.86	28.46	29.959999999999997	20.72
22	20.60412082416483	27.785557111422282	30.38607721544309	21.224244848969796
23	19.36	27.3	31.7	21.64
24	20.76	27.72	30.159999999999997	21.36
25	21.62	27.98	31.540000000000003	18.86
26	19.48	28.4	30.380000000000003	21.740000000000002
27	21.34	27.42	30.36	20.880000000000003
28	21.740000000000002	27.939999999999998	30.380000000000003	19.939999999999998
29	19.759999999999998	28.96	30.099999999999998	21.18
30	19.66	29.080000000000002	30.12	21.14
31	20.68	28.22	30.94	20.16
32	18.94	27.339999999999996	31.34	22.38
33	20.584116823364674	28.605721144228845	30.046009201840366	20.76415283056611
34	21.34	27.3	31.480000000000004	19.88
35	19.02	28.16	30.380000000000003	22.439999999999998
36	21.84	27.74	30.42	20.0
37	20.979999999999997	27.54	31.04	20.44
38	20.4	27.82	29.82	21.959999999999997
39	21.08	28.499999999999996	29.42	21.0
40	19.66	29.18	30.3	20.86
41	20.8	26.979999999999997	30.819999999999997	21.4
42	21.0	29.020000000000003	29.299999999999997	20.68
43	20.200000000000003	28.74	30.9	20.16
44	19.38	27.54	31.080000000000002	22.0
45	19.96	29.160000000000004	29.28	21.6
46	20.46	27.76	31.180000000000003	20.599999999999998
47	20.16	27.52	30.56	21.759999999999998
48	20.64	27.98	30.680000000000003	20.7
49	20.96	27.1	31.36	20.580000000000002
50	19.24	27.92	29.98	22.86
51	20.599999999999998	28.32	30.48	20.599999999999998
52	20.82	27.88	31.380000000000003	19.919999999999998
53	19.56	28.599999999999998	29.759999999999998	22.08
54	21.060000000000002	28.62	29.68	20.64
55	20.52	28.16	30.240000000000002	21.08
56	18.98	27.860000000000003	30.8	22.36
57	20.119999999999997	28.4	30.48	21.0
>>END_MODULE
>>Per base GC content	pass
#Base	%GC
1	39.4
2	41.0
3	41.660000000000004
4	41.120000000000005
5	41.199999999999996
6	41.099999999999994
7	40.1
8	41.160000000000004
9	39.62
10	41.22
11	41.36827365473095
12	42.44
13	39.32
14	40.26
15	40.72
16	41.339999999999996
17	40.400000000000006
18	40.44
19	41.18
20	41.58
21	41.58
22	41.82836567313463
23	41.0
24	42.120000000000005
25	40.48
26	41.22
27	42.22
28	41.68
29	40.94
30	40.8
31	40.839999999999996
32	41.32
33	41.348269653930785
34	41.22
35	41.46
36	41.839999999999996
37	41.42
38	42.36
39	42.08
40	40.52
41	42.199999999999996
42	41.68
43	40.36
44	41.38
45	41.56
46	41.06
47	41.92
48	41.339999999999996
49	41.54
50	42.1
51	41.199999999999996
52	40.739999999999995
53	41.64
54	41.699999999999996
55	41.6
56	41.339999999999996
57	41.120000000000005
>>END_MODULE
>>Per sequence GC content	pass
#GC Content	Count
0	0.0
1	0.0
2	0.0
3	0.0
4	0.0
5	0.0
6	0.0
7	0.0
8	0.0
9	0.0
10	1.0
11	2.0
12	2.0
13	1.5
14	1.0
15	3.0
16	5.0
17	6.5
18	10.5
19	13.0
20	12.5
21	12.0
22	17.0
23	22.0
24	29.0
25	49.0
26	62.0
27	81.5
28	101.0
29	106.0
30	111.0
31	137.5
32	204.0
33	244.0
34	268.5
35	293.0
36	342.5
37	392.0
38	412.0
39	460.0
40	488.0
41	501.0
42	514.0
43	519.5
44	525.0
45	471.5
46	387.0
47	356.0
48	320.5
49	285.0
50	255.5
51	226.0
52	182.0
53	138.0
54	111.0
55	60.0
56	36.0
57	26.0
58	16.0
59	11.5
60	7.0
61	5.0
62	2.0
63	1.0
64	1.0
65	1.0
66	1.5
67	2.0
68	1.0
69	0.0
70	0.0
71	0.0
72	0.0
73	0.0
74	0.0
75	0.0
76	0.0
77	0.0
78	0.0
79	0.0
80	0.0
81	0.0
82	0.0
83	0.0
84	0.0
85	0.0
86	0.0
87	0.0
88	0.0
89	0.0
90	0.0
91	0.0
92	0.0
93	0.0
94	0.0
95	0.0
96	0.0
97	0.0
98	0.0
99	0.0
100	0.0
>>END_MODULE
>>Per base N content	pass
#Base	N-Count
1	0.0
2	0.0
3	0.0
4	0.0
5	0.0
6	0.0
7	0.0
8	0.0
9	0.0
10	0.0
11	0.02
12	0.0
13	0.0
14	0.0
15	0.0
16	0.0
17	0.0
18	0.0
19	0.0
20	0.0
21	0.0
22	0.02
23	0.0
24	0.0
25	0.0
26	0.0
27	0.0
28	0.0
29	0.0
30	0.0
31	0.0
32	0.0
33	0.02
34	0.0
35	0.0
36	0.0
37	0.0
38	0.0
39	0.0
40	0.0
41	0.0
42	0.0
43	0.0
44	0.0
45	0.0
46	0.0
47	0.0
48	0.0
49	0.0
50	0.0
51	0.0
52	0.0
53	0.0
54	0.0
55	0.0
56	0.0
57	0.0
>>END_MODULE
>>Sequence Length Distribution	pass
#Length	Count
57	5000.0
>>END_MODULE
>>Sequence Duplication Levels	pass
#Total Duplicate Percentage	4.72
#Duplication Level	Relative count
1	100.0
2	2.225020990764064
3	0.16792611251049538
4	0.0
5	0.0
6	0.0
7	0.0
8	0.0
9	0.0
10++	0.0
>>END_MODULE
>>Overrepresented sequences	pass
>>END_MODULE
>>Kmer Content	warn
#Sequence	Count	Obs/Exp Overall	Obs/Exp Max	Max Obs/Exp Position
TCTTC	1230	3.7440467	7.2650084	19
TTCTT	1720	3.5712426	7.1508417	47
CTTCT	1165	3.546191	8.870576	47
CACCA	640	3.313069	8.236814	30
GCAGC	435	3.2568617	11.901022	40
CTTGG	675	3.200619	11.305654	3
CTTCA	950	3.1145432	6.948382	36
ACCAG	570	3.0415838	8.490507	21
CAGCA	545	2.908181	9.905591	29
AGCAG	515	2.8327389	8.743262	36
TCTTG	855	2.6827283	6.656685	31
TGGAG	500	2.6321409	6.9801803	18
CCTTG	565	2.598988	6.099346	19
GCACC	350	2.542165	7.704654	18
CCACC	360	2.536669	7.4669666	24
CCTTC	565	2.521331	5.9171	32
TTTCT	1200	2.491564	6.0567684	22
GGTGG	335	2.4743955	7.8272147	12
ACCAA	645	2.4530113	7.0527873	13
CACCG	335	2.4332147	7.7046523	32
CTTGA	715	2.4163017	8.057691	24
TTGGT	745	2.4095793	5.997993	52
TGGCA	470	2.400284	9.48026	8
CAACA	620	2.3579333	6.045246	5
GCTTC	510	2.3459892	6.093247	4
TGGTG	470	2.2972193	7.7692447	1
ACCAC	440	2.277735	6.857147	16
TCAGC	455	2.2542486	6.5692816	7
CAAAG	575	2.2541459	9.347159	4
CTCTT	735	2.2372959	5.6505613	22
TGGAA	595	2.232395	6.9578495	41
TTTGG	690	2.2316906	5.141136	51
GCCTT	485	2.2309897	6.099346	10
TCTGG	470	2.2285793	6.287206	29
TTCAA	925	2.227931	5.104732	15
AACCA	570	2.1677775	8.0603285	51
GTTGG	440	2.1505883	9.064118	5
ACACC	410	2.1224349	6.857147	27
CTGGC	305	2.120193	9.217285	7
TCACC	440	2.1147969	6.3666205	52
CCAGC	290	2.1063654	7.6969495	12
CAGCC	290	2.1063652	7.7046533	8
CAGCG	280	2.0963707	7.934015	13
AACAA	750	2.0955129	5.186621	8
TTCTC	685	2.0850992	6.4513273	5
GGCAG	270	2.0837624	6.1337867	5
TTGGC	435	2.062621	7.5371027	4
AAAGC	515	2.0189307	5.1928663	35
CCAAT	570	2.012705	5.6127987	14
CCAAG	375	2.001042	7.0683475	38
ACCGG	265	1.9840652	5.956467	9
CCAAA	520	1.9776216	9.067869	53
GTGGA	370	1.9477843	6.9732	44
GATGG	370	1.9477843	5.57856	28
AAGAA	670	1.9296488	8.393037	14
CAATG	530	1.9291034	5.7856727	24
AGCAA	490	1.9209243	6.2314396	3
GGCTT	405	1.9203714	6.280918	13
CACCC	270	1.9025016	5.6002245	41
GGTAG	360	1.8951415	6.9801803	29
ACCGA	355	1.8943198	5.660338	20
TCCAA	535	1.8891181	5.612799	52
GCCAA	350	1.8676392	5.6546774	36
GACCA	350	1.8676392	7.068347	27
AGAAG	460	1.858859	5.3528066	44
TCAAC	525	1.8538072	5.6127987	5
ACCTT	565	1.8523332	5.2165017	11
GGCAA	335	1.8426557	10.210684	9
CTTTC	605	1.841584	5.650562	21
CCAAC	355	1.8377181	5.491209	29
GGAGG	230	1.8297285	8.438714	33
CATCA	515	1.8184966	5.618417	29
GAACC	340	1.8142781	5.6546774	12
ACCCA	350	1.8118347	8.228577	48
GTGGT	370	1.8084493	9.064118	39
AGCCT	365	1.8083532	5.255425	9
GACAA	460	1.8033167	5.1980643	9
AGCAC	335	1.7875975	7.068347	28
TTTTC	860	1.785621	5.500647	16
AGCTT	525	1.7742074	5.371793	3
CTTCG	385	1.7709922	6.0932474	3
TCCTT	580	1.7654853	6.4577847	10
GCTTG	370	1.7544134	5.024735	6
ACAAC	460	1.7494341	6.051297	19
GGAGT	330	1.737213	8.376216	19
GGTGA	325	1.7108916	5.57856	2
CAATC	480	1.6949093	5.6127977	16
TGGGA	315	1.6582488	6.9801803	9
ACTTC	505	1.6556252	6.085919	7
TACCG	330	1.6349496	5.2501698	44
CCCAA	315	1.6306514	6.8571477	53
TTGAC	480	1.6221327	5.3717937	2
AAACC	425	1.6163253	5.0377054	48
AAGCA	410	1.6073041	5.1928663	17
TGGCT	335	1.5884553	5.0247345	15
ACCGT	320	1.5854055	5.2501693	17
CCAGT	315	1.5606337	6.5627117	40
TGACC	315	1.5606335	6.5627112	37
ATGGC	305	1.5576313	5.411875	26
AGCGG	200	1.5435276	6.1337857	43
CAGTG	300	1.5320961	5.4118743	4
CAAGA	390	1.528899	5.1980643	31
AACAC	400	1.5212471	5.0427475	8
TGGTA	435	1.5153354	5.5372443	36
GGATG	285	1.5003203	5.584144	22
TTGAG	430	1.4979178	5.5372443	42
CAGAA	380	1.4896964	5.1980643	9
TGTTG	460	1.4877938	5.9979925	4
CATCG	300	1.4863176	5.2501693	44
GCAGA	270	1.4851254	5.828842	37
CTGGA	290	1.4810264	5.4172916	30
AGCCA	275	1.4674308	5.660338	7
GGTTG	300	1.4663101	6.4743705	4
CGGCA	195	1.4599725	5.956467	18
CCTGG	210	1.4598048	7.3738275	7
TTAGC	430	1.4531605	5.3717937	52
ATGGG	275	1.4476777	5.5841446	31
TTCCT	475	1.4458718	7.265009	9
CACCT	300	1.4419069	5.093296	50
TTGGG	295	1.4418716	7.7692447	6
CAACG	270	1.4407502	8.482017	34
GCAAC	270	1.4407502	7.0683475	4
CAGCT	290	1.4367738	6.5627112	49
GAGCA	260	1.4301208	5.8346767	11
CTTAC	435	1.4261328	5.211286	15
TGGCC	205	1.4250475	5.5248404	49
CGACA	265	1.4140697	5.654678	23
ACCAT	400	1.4124246	6.548265	43
GCAAA	360	1.4112915	5.1980643	31
TTCCA	430	1.4097406	5.2112865	36
GAGTC	275	1.4044214	5.417291	20
TGACG	275	1.4044214	8.117811	37
AGCGT	275	1.4044213	5.411874	45
CAACC	270	1.397701	5.4912086	30
CGGTG	195	1.3972833	5.6950045	40
GACGG	180	1.3891748	6.1337857	36
GAAGT	370	1.388212	5.9698415	33
GTCCA	280	1.3872298	5.255425	19
CTTCC	310	1.3833853	5.9111834	38
TGAGC	270	1.3788866	5.417291	10
ACGGT	270	1.3788863	5.411874	49
TGTGG	280	1.3685561	6.4743705	43
GAGGA	240	1.3607707	7.5104623	25
GTCAG	265	1.3533516	5.4118743	40
CTTAG	400	1.3517772	7.162391	51
GAGGC	175	1.3505868	6.1399264	18
CCAGA	250	1.334028	5.654678	1
GGTTC	280	1.3276641	5.0247345	2
CTGGG	185	1.3256279	5.6950054	39
TGGCG	185	1.3256278	5.6950045	5
CCGGC	130	1.3248422	5.405156	10
TGGAT	380	1.3237413	5.5372443	5
CGGTA	255	1.3022817	5.4118743	2
CAAAC	335	1.2740444	5.0427475	32
GTACC	250	1.238598	5.2501693	23
GGAGC	160	1.2348223	6.1399264	31
ACAGC	230	1.2273058	5.6546774	1
GAGGT	230	1.2107848	5.57856	48
GAAGC	220	1.2101022	5.828842	45
CGTTG	255	1.2091228	5.024735	17
GCGGC	115	1.2080725	5.566063	13
CCCTT	270	1.2048839	7.1005197	7
GGCAT	235	1.200142	5.417291	19
CAGTC	240	1.1890541	5.2501693	17
TCAGA	325	1.182941	5.7914643	9
GTGGG	160	1.1818008	5.870411	47
GGTAC	230	1.174607	5.4118743	13
GATTC	345	1.1659076	5.3771696	7
GAAGG	205	1.1623251	6.0083704	43
ACCCT	240	1.1535256	5.093296	42
GACGT	225	1.149072	5.411874	36
GATCT	340	1.1490104	5.3771696	29
GTGGC	160	1.146489	5.7007055	22
GCATC	230	1.1395103	5.2501698	25
CTGGT	240	1.1379979	5.024735	43
GGCGG	105	1.1369958	5.7374973	35
CTACC	235	1.1294938	5.093296	25
GTGAC	215	1.0980022	5.4118743	36
TTCGG	230	1.0905813	5.029765	30
CGACG	145	1.0856206	5.950511	35
GCAGT	210	1.0724673	5.4118743	34
AAGGA	265	1.0708643	5.3528066	15
GGGCA	135	1.0418812	8.186568	8
GACAC	195	1.0405419	5.660338	7
GCTGG	145	1.0390056	7.5933404	16
GCGGT	145	1.0390056	5.6950054	40
TGGGC	145	1.0390056	5.7007055	7
GTGAG	195	1.026535	5.584144	8
GGGAT	195	1.026535	5.5841446	21
TGCTG	215	1.0194564	5.0247345	51
GCCAG	135	1.0107502	5.950511	12
CCCAT	210	1.0093349	5.093296	2
CGGAG	130	1.003293	6.1337867	14
GGGTC	140	1.0031779	5.6950054	48
AGCTG	195	0.9958625	5.417291	8
AGAGG	175	0.99222875	6.0083704	24
TGCCA	200	0.99087846	5.2501693	53
CAGGA	180	0.9900835	5.8288417	35
ATCAT	405	0.9754725	5.109842	30
TGAGA	255	0.95674056	5.9698405	9
ACTGG	185	0.9447926	6.764843	49
CGTCC	140	0.9441243	5.3651247	18
TCTGC	205	0.9429957	6.093247	28
CATCC	195	0.9372395	5.093296	23
GACCG	125	0.9358798	5.950511	4
CCACA	180	0.9318008	5.4857183	17
GCTGA	175	0.89372283	5.4172916	21
GGGGG	80	0.89296407	5.9201326	30
CTGAC	180	0.8917907	5.2501698	1
CCGAA	165	0.8804585	5.660338	21
ACGGA	160	0.88007426	5.8288417	39
GTGCC	125	0.8689315	5.5248404	52
GTCAC	175	0.86701864	5.255425	9
GGGGC	80	0.8662825	5.7374973	17
CGGCC	85	0.86624295	5.3997507	1
CCTGT	185	0.8509961	6.0932465	2
GAGAG	150	0.8504818	6.0083704	23
GGACT	165	0.84265286	6.764843	42
CGGCG	80	0.8403983	5.571635	32
AGGTA	220	0.8254233	5.963871	12
GGATC	160	0.8171179	5.4118743	34
GCGGA	105	0.8103521	6.1337867	41
GACCC	110	0.7989661	5.7727113	48
CGTGG	110	0.7882112	5.7007055	20
GGGCC	75	0.7878734	5.566063	26
GCGAC	105	0.7861391	5.950511	14
TCCCA	160	0.76901704	5.093296	52
CAAGC	140	0.7470557	5.6546774	23
GGGTG	100	0.7386255	5.8762875	8
GCCTG	105	0.7299024	5.5248404	1
TGTCG	145	0.6875404	5.024735	47
CCGTC	100	0.67437446	7.153499	18
GGGGT	90	0.664763	5.870411	6
CCCGG	65	0.6624211	5.405156	21
GGCCC	60	0.61146563	5.3997507	49
CCCAC	85	0.5989358	5.605831	30
ACCCC	85	0.59893566	5.6002245	49
CCCTG	85	0.57321835	5.3651247	9
GCCCT	85	0.5732183	7.146346	6
GGCCG	50	0.52524894	5.566063	2
GGCGC	40	0.42019916	5.566063	17
TCCCG	55	0.37090597	5.3651247	20
CGGGC	35	0.36767426	5.566063	47
CGCCG	25	0.25477734	5.405156	29
>>END_MODULE
