##FastQC	0.10.1
>>Basic Statistics	pass
#Measure	Value	
Filename	Trimmed_Partial_SRR2467145.fastq	
File type	Conventional base calls	
Encoding	Sanger / Illumina 1.9	
Total Sequences	5000	
Filtered Sequences	0	
Sequence length	57	
%GC	41	
>>END_MODULE
>>Per base sequence quality	pass
#Base	Mean	Median	Lower Quartile	Upper Quartile	10th Percentile	90th Percentile
1	39.2848	41.0	39.0	41.0	36.0	41.0
2	39.3138	41.0	39.0	41.0	36.0	41.0
3	39.3472	41.0	39.0	41.0	36.0	41.0
4	39.2846	41.0	39.0	41.0	36.0	41.0
5	38.9542	40.0	38.0	41.0	35.0	41.0
6	39.3674	41.0	39.0	41.0	36.0	41.0
7	39.4776	41.0	39.0	41.0	36.0	41.0
8	39.17	41.0	39.0	41.0	36.0	41.0
9	39.4108	41.0	39.0	41.0	36.0	41.0
10	39.5162	41.0	39.0	41.0	37.0	41.0
11	39.4382	41.0	39.0	41.0	36.0	41.0
12	39.3536	41.0	39.0	41.0	36.0	41.0
13	39.249	41.0	39.0	41.0	36.0	41.0
14	38.9028	40.0	39.0	41.0	35.0	41.0
15	38.4514	40.0	38.0	41.0	34.0	41.0
16	38.7266	40.0	38.0	41.0	35.0	41.0
17	39.034	40.0	39.0	41.0	36.0	41.0
18	38.9976	40.0	39.0	41.0	35.0	41.0
19	38.8334	40.0	38.0	41.0	35.0	41.0
20	38.9858	40.0	39.0	41.0	35.0	41.0
21	39.0606	40.0	39.0	41.0	35.0	41.0
22	38.7942	40.0	38.0	41.0	35.0	41.0
23	38.8768	40.0	38.0	41.0	35.0	41.0
24	38.7514	40.0	38.0	41.0	35.0	41.0
25	38.8296	40.0	38.0	41.0	35.0	41.0
26	38.8588	40.0	38.0	41.0	35.0	41.0
27	38.3606	40.0	38.0	41.0	34.0	41.0
28	38.724	40.0	38.0	41.0	35.0	41.0
29	38.6496	40.0	38.0	41.0	35.0	41.0
30	38.2234	40.0	38.0	41.0	33.0	41.0
31	38.5486	40.0	38.0	41.0	34.0	41.0
32	38.4712	40.0	38.0	41.0	34.0	41.0
33	38.756	40.0	38.0	41.0	35.0	41.0
34	38.6778	40.0	38.0	41.0	35.0	41.0
35	38.798	40.0	38.0	41.0	35.0	41.0
36	38.7978	40.0	38.0	41.0	35.0	41.0
37	38.5084	40.0	38.0	41.0	34.0	41.0
38	38.471	40.0	38.0	41.0	34.0	41.0
39	38.577	40.0	38.0	41.0	34.0	41.0
40	38.6018	40.0	38.0	41.0	35.0	41.0
41	38.19	40.0	38.0	41.0	34.0	41.0
42	37.648	40.0	37.0	41.0	32.0	41.0
43	37.7312	40.0	37.0	41.0	32.0	41.0
44	37.917	40.0	37.0	41.0	33.0	41.0
45	37.9156	40.0	37.0	41.0	33.0	41.0
46	37.8026	40.0	37.0	41.0	33.0	41.0
47	37.7836	40.0	37.0	41.0	33.0	41.0
48	37.6786	39.0	37.0	41.0	33.0	41.0
49	37.593	39.0	37.0	41.0	33.0	41.0
50	37.2912	39.0	36.0	41.0	32.0	41.0
51	37.0818	39.0	36.0	41.0	32.0	41.0
52	36.7	39.0	35.0	40.0	31.0	41.0
53	36.5738	38.0	35.0	40.0	31.0	41.0
54	36.111	38.0	35.0	40.0	31.0	41.0
55	36.0546	37.0	35.0	40.0	31.0	41.0
56	35.8474	37.0	35.0	39.0	30.0	41.0
57	35.9094	37.0	35.0	39.0	31.0	41.0
>>END_MODULE
>>Per sequence quality scores	pass
#Quality	Count
7	1.0
8	1.0
9	1.0
10	1.0
11	2.0
12	0.0
13	1.0
14	2.0
15	1.0
16	3.0
17	0.0
18	1.0
19	2.0
20	4.0
21	3.0
22	2.0
23	9.0
24	8.0
25	9.0
26	16.0
27	27.0
28	30.0
29	37.0
30	55.0
31	59.0
32	69.0
33	94.0
34	111.0
35	193.0
36	234.0
37	346.0
38	554.0
39	1254.0
40	1869.0
41	1.0
>>END_MODULE
>>Per base sequence content	warn
#Base	G	A	T	C
1	19.42	28.199999999999996	33.26	19.12
2	19.32	27.3	32.26	21.12
3	20.72	27.58	31.619999999999997	20.080000000000002
4	20.48	27.1	31.66	20.76
5	20.82	28.139999999999997	30.14	20.9
6	21.240000000000002	28.799999999999997	29.4	20.560000000000002
7	20.48	28.1	31.6	19.82
8	20.44	27.800000000000004	30.520000000000003	21.240000000000002
9	20.72	30.18	29.580000000000002	19.52
10	21.060000000000002	28.46	29.86	20.62
11	19.84396879375875	27.525505101020205	30.98619723944789	21.644328865773154
12	20.380000000000003	29.080000000000002	29.7	20.84
13	20.94	27.439999999999998	31.16	20.46
14	20.14	27.62	32.32	19.919999999999998
15	20.5	28.360000000000003	31.56	19.580000000000002
16	21.16	27.700000000000003	31.0	20.14
17	19.36	26.16	32.82	21.66
18	20.580000000000002	28.28	30.740000000000002	20.4
19	20.72	28.58	30.259999999999998	20.44
20	19.919999999999998	27.92	31.419999999999998	20.74
21	21.78	28.499999999999996	29.32	20.4
22	21.728691476590637	27.030812324929972	30.372148859543817	20.868347338935575
23	19.32	27.04	31.900000000000002	21.740000000000002
24	21.14	29.18	30.28	19.400000000000002
25	20.64	27.700000000000003	30.44	21.22
26	19.900000000000002	28.139999999999997	29.84	22.12
27	21.84	29.12	29.38	19.66
28	20.119999999999997	28.16	32.46	19.259999999999998
29	19.98	27.76	30.78	21.48
30	21.04	28.299999999999997	30.18	20.48
31	21.4	28.46	30.159999999999997	19.98
32	20.0	28.34	30.259999999999998	21.4
33	22.15329197518511	27.336401841104664	29.9379627776666	20.572343406043625
34	20.200000000000003	28.199999999999996	31.019999999999996	20.580000000000002
35	18.9	28.68	30.520000000000003	21.9
36	20.78	28.439999999999998	30.740000000000002	20.04
37	20.3	27.400000000000002	31.22	21.08
38	20.36	28.02	30.34	21.279999999999998
39	20.119999999999997	28.78	30.54	20.560000000000002
40	20.34	27.68	31.580000000000002	20.4
41	19.78	27.52	31.36	21.34
42	20.419999999999998	29.020000000000003	29.86	20.7
43	21.62	26.3	31.36	20.72
44	19.54	27.82	31.1	21.54
45	20.979999999999997	28.12	29.5	21.4
46	20.24	27.860000000000003	31.04	20.86
47	19.02	28.999999999999996	31.380000000000003	20.599999999999998
48	21.04	28.660000000000004	29.98	20.32
49	21.18	28.4	30.14	20.28
50	19.8	28.22	30.919999999999998	21.060000000000002
51	21.279999999999998	28.82	29.38	20.52
52	20.24	27.62	30.72	21.42
53	20.94	27.900000000000002	29.48	21.68
54	20.599999999999998	28.52	30.240000000000002	20.64
55	19.759999999999998	29.54	30.259999999999998	20.44
56	18.98	27.18	32.12	21.72
57	20.74	28.599999999999998	29.82	20.84
>>END_MODULE
>>Per base GC content	pass
#Base	%GC
1	38.54
2	40.44
3	40.8
4	41.24
5	41.72
6	41.8
7	40.300000000000004
8	41.68
9	40.239999999999995
10	41.68
11	41.48829765953191
12	41.22
13	41.4
14	40.06
15	40.08
16	41.3
17	41.02
18	40.98
19	41.160000000000004
20	40.660000000000004
21	42.18
22	42.59703881552621
23	41.06
24	40.54
25	41.86
26	42.02
27	41.5
28	39.379999999999995
29	41.46
30	41.52
31	41.38
32	41.4
33	42.72563538122874
34	40.78
35	40.8
36	40.82
37	41.38
38	41.64
39	40.68
40	40.739999999999995
41	41.120000000000005
42	41.120000000000005
43	42.34
44	41.08
45	42.38
46	41.099999999999994
47	39.62
48	41.36
49	41.46
50	40.86
51	41.8
52	41.660000000000004
53	42.620000000000005
54	41.24
55	40.2
56	40.699999999999996
57	41.58
>>END_MODULE
>>Per sequence GC content	pass
#GC Content	Count
0	0.0
1	0.0
2	0.0
3	0.0
4	0.0
5	0.0
6	1.0
7	2.0
8	1.5
9	1.0
10	1.0
11	1.5
12	2.0
13	1.5
14	1.0
15	3.5
16	6.0
17	6.5
18	10.5
19	14.0
20	13.0
21	12.0
22	19.5
23	27.0
24	30.5
25	45.0
26	56.0
27	69.0
28	82.0
29	110.5
30	139.0
31	156.5
32	187.0
33	200.0
34	266.0
35	332.0
36	363.0
37	394.0
38	413.5
39	473.5
40	514.0
41	508.0
42	502.0
43	508.0
44	514.0
45	457.0
46	393.0
47	386.0
48	335.5
49	285.0
50	242.5
51	200.0
52	153.0
53	106.0
54	93.0
55	62.0
56	44.0
57	36.5
58	29.0
59	20.5
60	12.0
61	8.5
62	5.5
63	6.0
64	3.0
65	0.0
66	0.0
67	0.0
68	0.0
69	0.0
70	0.0
71	0.0
72	0.0
73	0.0
74	0.0
75	0.0
76	0.0
77	0.0
78	0.0
79	0.0
80	0.0
81	0.0
82	0.0
83	0.0
84	0.0
85	0.0
86	0.0
87	0.0
88	0.0
89	0.0
90	0.0
91	0.0
92	0.0
93	0.0
94	0.0
95	0.0
96	0.0
97	0.0
98	0.0
99	0.0
100	0.0
>>END_MODULE
>>Per base N content	pass
#Base	N-Count
1	0.0
2	0.0
3	0.0
4	0.0
5	0.0
6	0.0
7	0.0
8	0.0
9	0.0
10	0.0
11	0.02
12	0.0
13	0.0
14	0.0
15	0.0
16	0.0
17	0.0
18	0.0
19	0.0
20	0.0
21	0.0
22	0.04
23	0.0
24	0.0
25	0.0
26	0.0
27	0.0
28	0.0
29	0.0
30	0.0
31	0.0
32	0.0
33	0.06
34	0.0
35	0.0
36	0.0
37	0.0
38	0.0
39	0.0
40	0.0
41	0.0
42	0.0
43	0.0
44	0.0
45	0.0
46	0.0
47	0.0
48	0.0
49	0.0
50	0.0
51	0.0
52	0.0
53	0.0
54	0.0
55	0.0
56	0.0
57	0.0
>>END_MODULE
>>Sequence Length Distribution	pass
#Length	Count
57	5000.0
>>END_MODULE
>>Sequence Duplication Levels	pass
#Total Duplicate Percentage	4.66
#Duplication Level	Relative count
1	100.0
2	2.181665617788966
3	0.14684287812041116
4	0.020977554017201593
5	0.0
6	0.0
7	0.0
8	0.0
9	0.0
10++	0.0
>>END_MODULE
>>Overrepresented sequences	pass
>>END_MODULE
>>Kmer Content	warn
#Sequence	Count	Obs/Exp Overall	Obs/Exp Max	Max Obs/Exp Position
GCAGC	480	3.4607344	7.64794	10
CAGCA	605	3.2013028	9.82261	11
CACCA	590	3.0121043	9.46758	5
TTCTT	1445	2.9778507	5.459564	15
AGCAG	530	2.9067028	8.71764	24
TGGAG	555	2.8832114	8.257673	40
CTTGG	625	2.862962	8.494866	36
CAACA	730	2.8349056	7.2089376	11
ACCAG	520	2.751533	9.812788	6
TCTTC	910	2.697574	6.2889676	32
TTGGA	770	2.6830206	5.5386953	48
TGGAA	685	2.611671	7.0775566	19
TCTTG	850	2.6115854	5.697788	17
TCTGG	565	2.5881176	7.2886024	19
CAGCG	355	2.5595014	11.460438	2
TGGCA	510	2.5562322	7.9751496	31
CTTCA	780	2.5300038	9.452402	2
CCACC	375	2.5168166	7.112188	49
CTTCT	845	2.50489	5.5028467	22
AACAA	845	2.4961474	6.260751	49
CACCG	355	2.46946	11.0683365	8
GTTGG	515	2.4450972	7.546805	5
TTCAA	980	2.4179668	5.882876	51
TGGTG	505	2.3976195	7.554359	18
CCTTG	540	2.3865795	7.025162	24
CCTTC	540	2.3026216	5.6483517	53
ACCAC	450	2.2973678	6.762558	51
GCACC	330	2.2955546	9.214391	36
TCAGC	470	2.2728703	7.69459	33
TCCAA	640	2.2714393	5.647157	8
TCACC	485	2.262899	11.13585	7
ACCAA	580	2.2523909	6.1729097	12
ACCTT	690	2.2380803	6.021186	21
CCAGC	320	2.2259924	5.5341687	7
CTTGA	660	2.218829	6.24073	18
CCAAC	430	2.195263	6.769327	32
GAAGA	515	2.148472	5.531589	29
GGAAG	375	2.131618	7.5295854	36
GGCAG	285	2.1297333	5.945099	9
GCTTC	480	2.1214042	5.8601623	20
CCAAG	400	2.1165638	5.6129203	11
AACCA	535	2.0776362	7.2017283	27
CAAAG	515	2.0728905	5.3369923	7
TCAAT	835	2.0602064	5.2292233	13
CCAAA	525	2.0388021	6.17291	35
TTTGG	640	2.0380678	5.905541	17
AGAAG	485	2.0233183	5.531589	22
TTGGT	635	2.0221453	5.0618916	37
GCCAA	380	2.0107358	8.419379	10
GGCAA	365	2.0017858	5.81176	43
GGTAG	385	2.0000656	5.5106263	9
AATGG	520	1.9825823	6.060411	15
TGGGT	415	1.970321	6.289004	48
ACCGT	405	1.9585371	6.4121585	18
CTGGA	390	1.954766	5.31145	28
GCCTT	435	1.9225225	8.196023	14
CTTTG	615	1.8895589	6.5117574	43
CATCA	530	1.8810357	5.6415095	39
GCAAC	355	1.8784504	7.0091333	53
GAACC	355	1.8784504	5.607307	12
CAGCC	270	1.8781811	7.3788915	8
GAAGC	340	1.8646772	5.81176	5
TTCTG	605	1.8588343	5.697788	40
GGTGG	260	1.8404012	9.385698	19
CCCAA	360	1.8378943	5.4154615	11
GACAA	450	1.8112634	5.3369923	31
TTGGG	380	1.8041494	5.0312033	26
CGGCA	250	1.8024658	5.735955	8
TTCCA	555	1.800195	5.1558557	6
TTCAG	535	1.7985961	8.015772	3
CCTTT	595	1.7637982	5.5028467	31
TCATC	535	1.7353231	5.1558557	38
CTTTT	840	1.7310688	6.005521	15
ATTGG	495	1.7247989	6.461811	38
CTGGC	260	1.713191	5.2369285	41
GCTGG	250	1.7073628	7.237169	27
CTTCC	400	1.7056456	5.6483517	52
CCAGT	350	1.692563	6.412159	7
AAAGC	420	1.6905125	5.331655	4
TTACC	520	1.6866692	5.161017	22
GTGGT	355	1.6854553	6.289004	36
CTGGG	245	1.6732155	5.427877	23
GGTGA	320	1.6623921	5.505116	14
ACACC	325	1.6592102	5.4154615	30
ACCCA	325	1.65921	8.115068	42
ATGGA	430	1.6394432	5.0503426	6
GATGG	315	1.6364172	6.881394	42
GGCCA	225	1.6222192	5.735955	9
TGAAG	425	1.6203796	5.050342	16
GGTTG	340	1.614239	6.289004	37
AACAG	400	1.6100119	5.331655	43
AGCGG	215	1.6066412	5.9451	32
ATGGC	320	1.6039106	6.6393123	26
ACCGA	300	1.5874228	5.607307	51
GTGAA	415	1.5822532	5.0503426	15
AGCTT	470	1.5800751	5.349197	20
GCATC	325	1.5716655	6.4121585	11
CAAGT	425	1.5633761	9.745351	51
GCTTG	340	1.5574514	6.0677614	13
AGCTG	310	1.5537884	5.31145	39
AGCAA	385	1.5496365	6.397986	52
CACCC	230	1.5436475	5.339481	11
GGAGC	205	1.5319136	7.9268	19
CAGTG	305	1.5287273	5.31145	34
ACCGG	210	1.5140713	7.640292	14
TGTCA	450	1.5128379	5.349197	18
AAGCA	375	1.5093862	5.331655	34
GCAAT	410	1.508198	5.84721	52
TTGAG	430	1.4983102	6.461811	15
TGGTT	470	1.496706	5.0618916	52
GAAAG	355	1.4809855	6.631269	27
TGTGG	310	1.471806	6.295299	30
GGAGG	190	1.4715918	8.215826	32
AGCCA	275	1.4551376	5.6129203	21
AGCGT	290	1.453544	5.3167667	7
GGCAT	290	1.4535438	5.3114495	27
GCAGA	265	1.4533515	5.8117604	40
GTAGT	415	1.4460434	5.538695	48
CGACA	270	1.4286807	5.6073074	6
AGTGG	275	1.4286182	6.881394	35
CAGCT	295	1.4265889	5.129727	19
AGCCT	295	1.4265889	6.405747	13
GTGGG	200	1.4156932	5.631419	20
ACAAG	350	1.4087604	7.464317	50
GTAGC	280	1.4034216	5.3114495	25
TGGGA	270	1.4026434	5.505116	43
GGAGT	270	1.4026434	6.881395	43
GTGGA	270	1.4026434	6.888283	31
GTTTG	440	1.4011717	5.061892	49
TGGCG	205	1.4000373	7.2371683	17
CAGAG	255	1.398508	5.81176	16
GATTC	415	1.3951727	5.343848	43
CCCTT	325	1.3858372	5.6483526	43
CATCG	285	1.3782299	6.4121585	32
GGATG	265	1.3766686	6.881395	23
CCGGC	145	1.37435	10.044128	15
ACAGC	255	1.3493094	5.6073074	1
GTCCA	270	1.3056914	5.1297264	32
GATGA	340	1.2963036	5.050342	48
AGAAC	320	1.2880095	5.3369923	21
TGGCC	195	1.2848932	5.236928	37
GTCAC	265	1.2815119	5.1297264	33
GGGAA	225	1.2789708	7.5371227	11
CGGTG	185	1.2634484	5.4333096	22
TCGAC	260	1.2573324	6.4057465	34
GTGAG	240	1.2467941	5.505116	47
AAGAT	445	1.2451802	5.1943083	11
GCGGC	125	1.227984	5.2103887	7
CCTGG	185	1.2190013	5.2369285	40
TGCTG	265	1.2138959	6.0677614	26
GAAGG	210	1.1937062	7.5295854	25
ACCAT	330	1.1712109	5.6415095	16
TGTAG	335	1.1672882	5.5386953	43
CCAGA	220	1.1641101	5.6129203	20
CAGGG	155	1.1582762	5.939154	38
CGACG	160	1.1535782	5.730219	49
GAGTG	220	1.1428946	6.881395	46
GTACC	235	1.1364352	5.124597	14
TGGAC	225	1.1277497	5.3167667	11
GTGAC	225	1.1277497	6.6393123	16
GCTGC	170	1.1201633	5.2369285	34
GGTGC	160	1.0927122	5.427877	26
GGGTC	160	1.092712	7.2371683	40
GTCAT	325	1.0926051	5.343848	37
TCTCA	335	1.0866041	5.1558557	35
AGGAG	190	1.0800198	6.0296984	22
CCCCA	160	1.0738419	5.3341417	27
TCCAG	220	1.0638967	5.124597	39
CGTCA	220	1.0638967	5.124597	23
TGGGG	150	1.06177	7.50105	36
GGCGT	155	1.0585649	5.427877	17
TCAGG	210	1.0525663	5.31145	41
TACCC	225	1.0497985	6.1803966	41
GCATT	310	1.0421772	5.343848	36
ATGTC	310	1.0421772	6.2344894	25
GAGGT	200	1.0389951	5.5106263	19
GGTTT	325	1.0349563	5.90554	48
CGTAG	205	1.0275053	5.3167667	19
GCGTC	155	1.0213253	5.236928	49
TCTGC	230	1.0165062	5.8601623	18
AAGGC	185	1.0146037	7.2647	42
GGGTT	210	0.99702984	5.031203	47
CGGCC	105	0.9952188	5.0220637	3
TGAGG	190	0.9870453	5.5051155	44
GCCGG	100	0.9823872	5.2103887	18
GATGT	280	0.9756437	8.308043	24
GGCGG	95	0.96729654	5.4003696	8
TAGCC	200	0.9671789	5.1245975	12
AAGCG	175	0.9597603	8.71764	6
GCGGT	140	0.9561231	5.427877	24
TCGGC	145	0.9554334	6.989561	21
GACGT	190	0.9523219	5.31145	13
GAAAT	335	0.93738294	5.1891136	45
AGGTG	180	0.9350956	5.505116	38
CGGCG	95	0.93326783	5.2103887	22
GGGCC	95	0.93326783	5.2051783	5
CTGCT	210	0.92811435	5.8601623	19
GTTCC	210	0.92811435	5.8601623	22
GCCTC	145	0.92182195	5.052697	26
CAGTC	190	0.91881984	6.4057465	12
GGATA	240	0.91503805	5.0503426	45
GAGAG	160	0.90949035	7.5295854	17
ACCCC	135	0.90605396	7.1193075	10
GTCGA	180	0.9021997	5.31145	6
TAGCG	180	0.9021997	5.31145	12
GCGTA	180	0.9021996	5.3167663	18
GCGGA	120	0.8967298	5.9391537	38
CTGTA	265	0.89089346	5.343848	5
GTGGC	130	0.88782865	5.427877	6
TGCAG	170	0.8520775	5.31145	39
TGCAC	170	0.822102	6.4057465	35
TGAGA	215	0.81972146	7.070479	16
TGGGC	120	0.8195341	5.43331	21
GGGGC	80	0.8145655	5.4003696	7
GGGGA	105	0.81324804	6.155707	37
GCGCC	85	0.80565333	5.0220637	24
GTAGG	155	0.80522114	5.510626	20
GCATG	160	0.8019553	5.31145	3
CCGTA	165	0.7979226	5.129727	29
CGTAC	165	0.7979225	5.1297264	7
GCCCT	125	0.7946741	5.057755	33
CGTCG	120	0.79070354	5.2369285	5
GGTCC	120	0.7907035	6.9825706	28
GCAGG	105	0.7846387	5.939154	13
GGCGA	105	0.7846386	5.9391537	23
CCTGC	120	0.7628872	5.057755	33
CTCAG	155	0.7495636	5.124597	47
CGTCC	115	0.7311002	5.052697	17
CGGTC	110	0.7248115	5.236928	35
CTGAG	140	0.7017109	5.31145	43
CGTGG	100	0.6829451	5.43331	9
GGGAT	130	0.67534685	5.505116	44
GGCTC	100	0.6589196	5.236928	44
AGGGA	115	0.6536962	6.0296984	10
CCTGA	135	0.6528457	5.124597	52
GGCGC	65	0.63855165	5.2051783	4
GCCAC	90	0.6260603	5.5286345	48
GGCCC	65	0.61608785	5.0220637	39
TGCGG	85	0.58050334	5.427877	34
GCACT	120	0.58030736	5.129727	19
AGCCG	80	0.5767891	5.730219	44
GGACT	115	0.5764053	5.3114495	40
CGCCG	60	0.56869644	5.0220637	4
GCCCG	60	0.56869644	5.027091	10
TAGGA	135	0.5147089	5.0553975	21
GGGAG	65	0.5034393	6.1557074	44
GACCC	65	0.45215473	5.5286345	47
CCCGG	40	0.37913102	5.0270915	11
GGCCG	35	0.3438355	5.2051783	37
GCGGG	25	0.2545517	5.4003696	33
>>END_MODULE
