##FastQC	0.10.1
>>Basic Statistics	pass
#Measure	Value	
Filename	Trimmed_Partial_SRR2467150.fastq	
File type	Conventional base calls	
Encoding	Sanger / Illumina 1.9	
Total Sequences	5000	
Filtered Sequences	0	
Sequence length	8-57	
%GC	40	
>>END_MODULE
>>Per base sequence quality	pass
#Base	Mean	Median	Lower Quartile	Upper Quartile	10th Percentile	90th Percentile
1	39.2532	41.0	39.0	41.0	36.0	41.0
2	39.2686	41.0	39.0	41.0	36.0	41.0
3	39.3386	41.0	39.0	41.0	36.0	41.0
4	39.1852	41.0	39.0	41.0	36.0	41.0
5	38.9476	40.0	38.0	41.0	35.0	41.0
6	39.2848	41.0	39.0	41.0	36.0	41.0
7	39.3698	41.0	39.0	41.0	36.0	41.0
8	39.0702	41.0	39.0	41.0	35.0	41.0
9	39.375475095019006	41.0	39.0	41.0	36.0	41.0
10	39.45649129825965	41.0	39.0	41.0	36.0	41.0
11	39.40268053610722	41.0	39.0	41.0	36.0	41.0
12	39.329465893178636	41.0	39.0	41.0	36.0	41.0
13	39.23624724944989	41.0	39.0	41.0	36.0	41.0
14	38.97999599919984	40.0	39.0	41.0	35.0	41.0
15	38.31478887332399	40.0	38.0	41.0	34.0	41.0
16	38.69701821092656	40.0	38.0	41.0	34.0	41.0
17	39.090090090090094	40.0	39.0	41.0	36.0	41.0
18	38.94372120969357	40.0	39.0	41.0	35.0	41.0
19	38.75841346153846	40.0	38.0	41.0	35.0	41.0
20	38.951092403287234	40.0	39.0	41.0	35.0	41.0
21	39.06213670074163	41.0	39.0	41.0	35.0	41.0
22	38.82855424102667	40.0	38.0	41.0	35.0	41.0
23	38.92620814116703	40.0	38.0	41.0	35.0	41.0
24	38.80024067388688	40.0	38.0	41.0	35.0	41.0
25	38.87818583182822	40.0	38.0	41.0	35.0	41.0
26	38.921269331191	40.0	38.0	41.0	35.0	41.0
27	38.422945549527824	40.0	38.0	41.0	33.0	41.0
28	38.81173397629094	40.0	38.0	41.0	35.0	41.0
29	38.743167202572344	40.0	38.0	41.0	35.0	41.0
30	38.237080233259604	40.0	38.0	41.0	33.0	41.0
31	38.63764327367786	40.0	38.0	41.0	34.0	41.0
32	38.492858579762625	40.0	38.0	41.0	34.0	41.0
33	38.77359629704166	40.0	38.0	41.0	35.0	41.0
34	38.827259915441914	40.0	38.0	41.0	35.0	41.0
35	38.783974229917455	40.0	38.0	41.0	35.0	41.0
36	38.97684252919855	40.0	39.0	41.0	35.0	41.0
37	38.66122860020141	40.0	38.0	41.0	34.0	41.0
38	38.66196615632554	40.0	38.0	41.0	34.0	41.0
39	38.77690447400242	40.0	38.0	41.0	35.0	41.0
40	38.8031035872632	40.0	38.0	41.0	35.0	41.0
41	38.42828323582812	40.0	38.0	41.0	34.0	41.0
42	37.90151362260343	40.0	37.0	41.0	33.0	41.0
43	38.09890997174001	40.0	37.0	41.0	33.0	41.0
44	38.22899838449111	40.0	37.0	41.0	33.0	41.0
45	38.11701697655619	40.0	37.0	41.0	33.0	41.0
46	38.115423488983225	40.0	37.0	41.0	34.0	41.0
47	38.067124949454104	40.0	37.0	41.0	34.0	41.0
48	37.98159757330637	39.0	37.0	41.0	34.0	41.0
49	37.90467516697025	39.0	37.0	41.0	33.0	41.0
50	37.66248228386313	39.0	36.0	41.0	33.0	41.0
51	37.49392220421394	39.0	36.0	41.0	32.0	41.0
52	37.05918119173085	39.0	36.0	40.0	32.0	41.0
53	37.05415821501014	39.0	35.0	40.0	32.0	41.0
54	36.616243654822334	38.0	35.0	40.0	31.0	41.0
55	36.601464009760065	37.0	35.0	40.0	31.0	41.0
56	36.40598899979629	37.0	35.0	40.0	31.0	41.0
57	36.56159048985448	37.0	35.0	39.0	32.0	41.0
>>END_MODULE
>>Per sequence quality scores	pass
#Quality	Count
22	1.0
23	0.0
24	4.0
25	10.0
26	10.0
27	21.0
28	33.0
29	41.0
30	67.0
31	70.0
32	90.0
33	120.0
34	141.0
35	159.0
36	227.0
37	306.0
38	597.0
39	1130.0
40	1972.0
41	1.0
>>END_MODULE
>>Per base sequence content	warn
#Base	G	A	T	C
1	19.56	27.82	33.160000000000004	19.46
2	19.68	27.54	31.680000000000003	21.099999999999998
3	22.52	27.76	30.3	19.42
4	20.580000000000002	28.08	32.019999999999996	19.32
5	20.200000000000003	27.700000000000003	30.919999999999998	21.18
6	20.979999999999997	29.14	29.86	20.02
7	20.48	28.98	31.22	19.32
8	19.18	28.82	31.28	20.72
9	20.684136827365474	28.92578515703141	31.30626125225045	19.083816763352672
10	20.524104820964194	28.065613122624526	31.22624524904981	20.184036807361473
11	19.351610966579948	27.91675005003002	31.47888733239944	21.252751650990596
12	20.784156831366275	27.125425085017003	31.366273254650928	20.724144828965795
13	20.044008801760352	29.12582516503301	31.24624924984997	19.583916783356674
14	18.723744748949787	27.58551710342068	32.96659331866373	20.724144828965795
15	20.952571542925753	28.89733840304182	30.758455073043827	19.39163498098859
16	19.951971182709627	28.216930158094854	31.658995397238343	20.172103261957176
17	19.65965965965966	26.066066066066067	32.232232232232235	22.04204204204204
18	21.229721610254355	28.359703585019027	29.84177848988584	20.568796314840775
19	19.751602564102562	28.104967948717945	31.630608974358974	20.51282051282051
20	18.901583483664062	27.119663259170174	31.950290639406692	22.02846261775907
21	21.10643415514131	28.502705953096815	30.40689516937262	19.983964722389256
22	21.043129388164495	27.04112337011033	30.772316950852556	21.143430290872615
23	19.73130138359735	27.752155604571886	31.201122919590933	21.315420092239822
24	20.958684316085037	29.602888086642597	29.96389891696751	19.474528680304854
25	20.208709612683123	28.13566124824403	31.72787477423239	19.927754364840457
26	19.843342036553523	26.59168507732476	30.970074312110867	22.59489857401085
27	19.911593329314847	28.109302792847096	30.90214988949166	21.076953988346396
28	20.27325698211774	28.169580068314243	32.26843480008037	19.288728149487643
29	20.840032154340836	27.853697749196144	30.12459807073955	21.181672025723472
30	21.05368992559823	27.991152221998796	30.082445204102154	20.872712648300826
31	20.26945505730947	29.09712447214961	30.082445204102154	20.55097526643877
32	19.211426272379803	28.002414001207	32.58901629450815	20.197143431905047
33	22.280419016921837	27.90088638195004	29.834810636583402	19.98388396454472
34	20.636198912824643	28.125629152405878	30.078518220253674	21.159653714515805
35	18.542379706059997	27.602174350714716	32.27300181195893	21.582444131266357
36	22.533225936367298	28.87635924285139	29.82279500604108	18.767619814740232
37	20.12084592145015	28.80161127895267	30.553877139979857	20.523665659617322
38	20.064464141821112	27.598710717163577	30.519742143432715	21.817082997582595
39	20.314389359129382	29.564691656590085	30.04836759371221	20.072551390568318
40	20.737605804111244	28.395808141878277	30.975413139862955	19.89117291414752
41	20.032277587250352	28.505144240468027	30.179544079080088	21.283034093201532
42	20.322906155398588	28.63773965691221	30.635721493440972	20.403632694248234
43	20.549051271699636	27.49293500201857	30.9245054501413	21.03350827614049
44	20.133279483037157	28.31179321486268	30.290791599353796	21.264135702746366
45	20.998383185125302	28.274050121261112	30.13338722716249	20.59417946645109
46	21.85162724883768	27.592480291085508	32.18111987062866	18.374772589448153
47	20.808897876643073	27.542972699696662	31.02123356926188	20.626895854398384
48	21.698685540950454	27.80586450960566	29.646107178968656	20.849342770475225
49	20.542400323821088	27.74741955069824	31.67375025298523	20.036429872495447
50	19.032192751569145	28.24458392387123	30.876695687386114	21.846527637173516
51	20.705024311183145	28.869529983792546	31.07779578606159	19.347649918962723
52	19.963518443453587	29.002837454398055	30.766112687474667	20.26753141467369
53	19.26977687626775	26.916835699797158	31.379310344827587	22.434077079107507
54	20.243654822335024	29.36040609137056	30.131979695431472	20.263959390862944
55	19.642130947539652	27.99918666124441	30.927206181374544	21.4314762098414
56	18.679975555102875	26.380118150336116	33.02098187003463	21.91892442452638
57	21.06989137118262	27.526132404181187	29.637220741955318	21.76675548268088
>>END_MODULE
>>Per base GC content	pass
#Base	%GC
1	39.019999999999996
2	40.78
3	41.94
4	39.900000000000006
5	41.38
6	41.0
7	39.800000000000004
8	39.900000000000006
9	39.76795359071814
10	40.70814162832567
11	40.604362617570544
12	41.508301660332066
13	39.627925585117026
14	39.44788957791558
15	40.34420652391435
16	40.1240744446668
17	41.7017017017017
18	41.79851792509513
19	40.26442307692308
20	40.93004610142313
21	41.09039887753057
22	42.18655967903711
23	41.04672147583718
24	40.43321299638989
25	40.136463977523576
26	42.43824061056437
27	40.98854731766124
28	39.56198513160539
29	42.021704180064305
30	41.926402573899054
31	40.82043032374824
32	39.40856970428485
33	42.264302981466564
34	41.795852627340444
35	40.12482383732635
36	41.30084575110753
37	40.64451158106747
38	41.88154713940371
39	40.3869407496977
40	40.628778718258765
41	41.31531168045189
42	40.72653884964682
43	41.582559547840134
44	41.39741518578352
45	41.592562651576394
46	40.22639983828583
47	41.43579373104146
48	42.54802831142568
49	40.57883019631653
50	40.878720388742664
51	40.05267423014587
52	40.231049858127285
53	41.70385395537525
54	40.50761421319797
55	41.07360715738105
56	40.59889997962925
57	42.8366468538635
>>END_MODULE
>>Per sequence GC content	pass
#GC Content	Count
0	0.0
1	0.0
2	0.0
3	0.0
4	0.0
5	0.0
6	0.0
7	0.0
8	0.5
9	1.0
10	1.0
11	3.5
12	6.5
13	4.5
14	2.0
15	4.5
16	7.0
17	8.5
18	10.5
19	10.5
20	16.0
21	22.0
22	23.0
23	24.0
24	29.0
25	48.0
26	63.0
27	75.5
28	87.5
29	111.0
30	134.0
31	157.0
32	217.5
33	258.0
34	293.0
35	325.0
36	355.5
37	385.5
38	428.0
39	480.0
40	487.5
41	496.5
42	507.5
43	496.0
44	488.5
45	486.0
46	428.5
47	377.0
48	312.5
49	248.0
50	225.5
51	205.0
52	160.0
53	113.0
54	86.0
55	46.0
56	31.5
57	27.0
58	23.0
59	16.5
60	10.0
61	8.5
62	5.0
63	2.0
64	1.5
65	2.0
66	1.5
67	1.0
68	0.5
69	0.0
70	0.0
71	0.0
72	0.0
73	0.0
74	0.0
75	0.0
76	0.0
77	0.0
78	0.5
79	1.0
80	1.0
81	1.5
82	2.0
83	2.0
84	1.5
85	1.0
86	1.0
87	1.0
88	1.0
89	1.0
90	1.0
91	1.0
92	1.0
93	1.0
94	0.5
95	0.0
96	0.0
97	0.0
98	0.0
99	0.0
100	0.0
>>END_MODULE
>>Per base N content	pass
#Base	N-Count
1	0.0
2	0.0
3	0.0
4	0.0
5	0.0
6	0.0
7	0.0
8	0.0
9	0.0
10	0.0
11	0.040008001600320066
12	0.0
13	0.0
14	0.0
15	0.0
16	0.0
17	0.0
18	0.0
19	0.0
20	0.0
21	0.0
22	0.04010427110487267
23	0.0
24	0.0
25	0.0
26	0.0
27	0.0
28	0.0
29	0.0
30	0.0
31	0.0
32	0.0
33	0.1006238679814852
34	0.0
35	0.0
36	0.0
37	0.0
38	0.0
39	0.0
40	0.0
41	0.0
42	0.0
43	0.0
44	0.0
45	0.0
46	0.0
47	0.020218358269308533
48	0.0
49	0.0
50	0.0
51	0.0
52	0.0
53	0.0
54	0.0
55	0.0
56	0.0
57	0.0
>>END_MODULE
>>Sequence Length Distribution	warn
#Length	Count
8-9	1.0
10-11	0.0
12-13	0.0
14-15	2.0
16-17	4.0
18-19	4.0
20-21	2.0
22-23	1.0
24-25	7.0
26-27	2.0
28-29	4.0
30-31	2.0
32-33	4.0
34-35	1.0
36-37	2.0
38-39	2.0
40-41	7.0
42-43	3.0
44-45	5.0
46-47	2.0
48-49	6.0
50-51	5.0
52-53	9.0
54-55	16.0
56-57	4909.0
>>END_MODULE
>>Sequence Duplication Levels	pass
#Total Duplicate Percentage	4.34
#Duplication Level	Relative count
1	100.0
2	1.9234789880827932
3	0.22998118335772527
4	0.0
5	0.0
6	0.0
7	0.0
8	0.0
9	0.0
10++	0.0
>>END_MODULE
>>Overrepresented sequences	pass
>>END_MODULE
>>Kmer Content	warn
#Sequence	Count	Obs/Exp Overall	Obs/Exp Max	Max Obs/Exp Position
CAGCA	580	3.3038087	9.128022	47
TCTTC	1105	3.245708	7.734821	8
GCAGC	405	3.177168	10.360142	19
AGCAG	495	2.8663857	9.176799	18
TTCTT	1465	2.833883	5.625799	20
CAACA	680	2.812533	5.523282	48
ACCAA	660	2.7298114	7.6088734	4
TCTTG	905	2.7023292	5.5655003	44
CACCA	480	2.689587	7.3850403	11
CTTGG	580	2.6733944	7.341499	35
CTTCT	910	2.672936	5.458127	33
CTTCA	795	2.617348	6.970577	22
CCAAC	460	2.577521	10.3598385	18
TTGGA	750	2.551765	7.2254987	31
CAAAG	605	2.5438216	7.7817364	24
ACCAG	435	2.4778564	8.999974	15
TGGAG	470	2.4684403	8.41617	47
GAAGA	575	2.4577723	6.7943354	26
CCTTC	550	2.4530857	6.029585	53
CCTTG	540	2.4484222	9.80731	53
TGGAA	625	2.383453	8.017707	2
TGGTG	495	2.3194382	7.4632373	32
TCACC	460	2.2996144	6.6353774	31
GGTGG	315	2.2784183	11.428185	14
TTGGT	750	2.2766354	6.4334536	27
CACCG	295	2.276484	8.177574	26
TCAGC	445	2.2615163	6.7454066	31
TCTGG	490	2.2585573	6.068874	7
GTCAA	600	2.2507915	5.974942	31
TTCAA	920	2.235767	6.4381433	26
TTTGG	725	2.2007475	5.640644	32
CAGCG	275	2.1573358	6.3631725	53
GGAAG	365	2.1486459	10.927731	29
AACAG	510	2.1443784	7.876829	51
CCAAT	580	2.1402748	5.82453	5
CAATG	570	2.1382523	5.987038	41
GACCA	370	2.1076021	7.5835648	43
CCAAA	505	2.0887194	5.534531	50
TGACC	405	2.058234	6.8703218	53
AACAA	665	2.0302742	5.656079	22
GGTAG	385	2.0220203	6.97097	33
AGCAA	480	2.0182383	5.626306	51
GTTGG	430	2.0148652	7.4481897	26
AGAAG	470	2.0089617	6.7534876	12
TCAAA	720	1.9611841	5.784613	32
GCACC	250	1.9292239	6.1580124	42
CCAGC	250	1.9292238	6.1580114	39
AATGG	505	1.92583	6.0740204	33
TCCAA	520	1.9188671	6.795285	5
TACCA	520	1.9188671	5.8303666	15
CCAGA	335	1.9082342	7.6066847	48
GCCAA	330	1.8797532	6.07917	45
AGCCA	330	1.8797532	6.048467	33
ACCCA	335	1.8771077	7.4073286	24
GCTTC	410	1.8589872	6.030305	42
TCCTT	630	1.8504941	7.0891995	52
TTCCA	560	1.8436664	5.206958	11
CTGGA	355	1.8340477	6.857261	34
CAGCT	360	1.8295413	5.353069	10
ACCTT	555	1.8272053	5.2174244	19
ACAGC	320	1.822791	6.0362725	27
GCAAT	485	1.8193903	5.0299273	52
TGGCA	350	1.8082159	5.5192585	46
GACAA	430	1.8080052	5.5921383	38
AGCTT	540	1.8073016	5.3469315	43
ACCGT	350	1.7787207	6.691336	15
ACAAC	430	1.7785136	6.6414375	51
CAATT	730	1.7740326	6.44464	29
GAACC	310	1.7658287	6.030194	22
CCCAA	315	1.7650416	5.8903074	4
AAGAA	565	1.7535739	5.7614746	29
CCACC	230	1.7459342	6.1572766	53
GATGG	330	1.7331603	6.970969	36
TGGTC	370	1.7054412	6.23121	53
TGGAC	330	1.7048892	5.441834	7
CTTCG	375	1.7002931	5.993903	20
CTGGC	240	1.6797675	7.469565	45
ATGGA	440	1.677951	5.0362487	19
GGAGA	285	1.6777097	7.861049	48
GGCAG	210	1.674738	6.4028153	51
CAGAA	395	1.660842	5.558383	20
CAGCC	215	1.6591324	6.096308	10
AGCAC	290	1.6519043	6.0791693	45
GCAGA	285	1.6503434	6.105594	16
CCTGG	235	1.6447723	7.4468837	40
AAACC	395	1.6337508	5.4458013	13
ACCCT	325	1.6247276	5.3190475	40
GCAAC	285	1.6234233	7.575889	38
GGAGG	200	1.6214371	6.495759	47
GAAGC	280	1.6213899	7.6090956	1
CAGAG	280	1.6213899	6.161211	41
TTGGG	345	1.6165781	6.1633344	6
GGAGC	200	1.5949887	6.389802	48
CAAAT	585	1.5934621	5.0615363	34
AAGCA	375	1.5767488	5.6841903	53
CGTCA	310	1.5754384	5.39088	29
CGGCA	200	1.5689716	6.2983747	50
ACACC	280	1.5689259	7.497846	50
GCGGC	145	1.5665754	8.560815	18
CTGGG	220	1.56532	5.654884	26
CAAGA	370	1.5557256	7.813178	33
CAGTG	300	1.5498995	5.4418344	14
GTTGA	455	1.5480705	5.4300933	42
GAGCA	265	1.5345297	6.1612115	42
ACCGG	195	1.5297472	6.234883	27
GGTCA	295	1.5240678	8.270483	45
GGTGA	290	1.5230802	5.576776	36
GGACA	260	1.5055764	6.0933704	5
TACCG	295	1.4992075	5.3477097	5
CATCG	295	1.4992075	6.731807	26
TGGGA	285	1.49682	8.28151	1
CAACG	260	1.4810177	5.9879823	4
AGCTC	290	1.4737972	5.3854456	28
AGAGG	250	1.4716752	6.263378	42
GGGTC	205	1.4585936	5.683531	44
ACCAT	395	1.457601	5.8303666	13
CAACC	260	1.4568597	5.9199076	19
GGAAA	340	1.4532914	5.633551	17
GGACC	185	1.4512987	6.260125	42
TTGTC	480	1.4332798	6.3157797	20
GAAAG	335	1.4319195	5.6279063	14
GATGA	375	1.4300718	5.1029196	51
CCATT	430	1.4156727	6.0686975	13
TGGGG	195	1.4104494	5.7140927	13
ACAGT	375	1.4067448	5.9508986	24
ACTTC	425	1.3992112	5.191337	1
CCAGT	275	1.3975663	5.412728	43
ACCTG	275	1.3975663	5.42923	46
AGTGG	265	1.3917801	6.949909	25
GGAAC	240	1.3897628	6.12402	21
AAGAC	330	1.387539	5.5808415	34
GTCAG	265	1.3690777	5.513655	45
CACCC	180	1.3663833	6.020999	23
CGTTG	295	1.3597438	7.356361	38
AGCGG	170	1.3557403	6.300165	9
GAGGC	170	1.3557403	6.389802	46
CCCAG	175	1.3504566	6.164251	44
AACAC	325	1.3442253	5.523282	49
GGATG	255	1.3392601	5.571148	29
GATCT	400	1.338742	5.3415194	41
GTGGG	185	1.3381187	7.7193427	45
GAAGT	350	1.3347337	6.092483	44
CAAAC	320	1.323545	5.4677157	23
GTAGC	255	1.3174144	6.8022923	14
GTTCT	440	1.3138397	5.548635	30
GAGGT	250	1.3130002	5.5711484	29
GGTGT	280	1.3120054	6.16951	7
AGACC	230	1.310131	6.048467	35
TGACG	250	1.2915828	5.485809	35
GTGAC	250	1.2915827	5.4969134	37
TGGCG	180	1.2807163	9.405841	20
TTCTC	435	1.2777221	5.491408	47
GACCT	250	1.2705148	6.779648	45
CATGG	245	1.2657512	5.4363875	5
AATTC	520	1.2636943	5.1609197	30
GGCCA	160	1.2551773	6.279191	45
GCTGG	175	1.2451409	5.6378336	19
TGGCC	175	1.2248303	5.5908213	44
CACCT	245	1.2247946	5.2657504	13
AGCGA	210	1.2160424	6.1487646	36
CGACG	155	1.2159531	6.197399	12
GGCGG	110	1.2081434	5.842954	42
TCTCA	365	1.2016754	5.275749	48
GACCC	155	1.1961187	8.177574	28
CATTG	355	1.1881335	6.1569915	2
GTAGA	310	1.1821927	6.0740204	31
GCCAG	150	1.1767286	6.2855725	47
GTGGC	165	1.1739898	5.6777763	40
AGGAG	195	1.1479067	6.263378	41
CCGAA	195	1.1107633	5.9999833	10
CTCAA	300	1.1070387	5.937455	52
AAGGT	290	1.1059222	5.0110674	3
GGAGT	210	1.1029202	5.521008	3
GTAGG	205	1.0766602	5.554334	23
CCATC	215	1.0748199	6.622	28
TTCGA	315	1.0542592	5.3092766	21
GGGAG	130	1.0539341	6.495759	47
TACCC	210	1.049824	5.351547	50
GATAG	275	1.0487193	5.011067	4
CGGAA	180	1.0423222	6.099477	14
CGGTG	145	1.0316882	5.677778	37
TGGGC	145	1.031688	5.6548824	27
AGGTG	195	1.0241401	5.593726	43
GGCAC	130	1.0198315	6.2601247	41
AAGTG	265	1.0105841	5.0770693	44
CCGGC	95	1.009635	5.6424694	32
GTCCT	220	0.99750525	5.96988	8
GGCCT	140	0.97986424	5.5514493	20
ACATC	265	0.9778842	5.8303666	13
GGATA	255	0.9724488	6.0740204	33
CTGCC	140	0.9638811	7.252012	8
CCCCA	125	0.94887733	6.063701	44
GCGTC	135	0.94486916	5.55145	20
GCATG	180	0.9299397	5.4582424	19
GGGAC	115	0.9171185	8.38342	2
GAGCG	115	0.9171185	6.287565	2
CGGCC	85	0.9033576	5.6424694	33
GGCCC	85	0.90335745	5.6310925	26
CGATG	170	0.87827635	5.5305	50
AGAGC	150	0.86860174	6.167454	43
GACCG	110	0.86293435	6.2664676	43
AGGAT	220	0.8389755	5.0514793	28
GCAGG	105	0.83736914	6.338272	26
GGGTG	115	0.8318036	5.7026653	4
CGTCC	120	0.8261838	5.471906	27
GCGAC	105	0.8237102	8.346835	37
CGGCG	75	0.8102976	5.7072096	18
CCTGC	115	0.79175943	5.494059	41
GCTCC	115	0.79175943	5.4281306	2
TAGCC	155	0.7877192	5.353069	15
GGGGC	70	0.76881856	5.819394	28
GGGCC	70	0.7562778	5.724469	28
TGCAT	225	0.7530423	5.330728	32
GCGAT	145	0.7491181	5.4637337	23
ATAGG	195	0.7436374	5.0362487	19
CCGAC	95	0.73310506	6.1331816	27
GGGGG	65	0.725741	5.8803263	7
CTGAC	140	0.7114883	5.3963256	33
GGCGC	65	0.7022579	5.7710094	46
GTCCC	100	0.68848646	5.455407	19
ACGTC	135	0.686078	5.407249	42
GCGTG	95	0.67593366	5.6435056	20
CACGG	85	0.6668129	6.3631725	53
CGTCG	95	0.66490793	5.562642	27
GCATA	175	0.65648097	6.970767	33
CGACC	85	0.6559361	6.1580124	42
GCTGC	90	0.6299128	5.607867	49
AGGGG	75	0.6080389	6.3918266	3
GTCGG	85	0.6047827	5.637833	19
GGGCG	55	0.6040717	5.819394	28
GCGCC	55	0.5845255	5.6028533	17
GCACT	115	0.5844369	5.3854465	28
CGCCA	70	0.54018265	6.13937	29
TGCGG	75	0.5336318	5.677777	37
CCCTG	75	0.5163649	5.466396	22
ACCGC	65	0.5015982	6.0841155	1
CCCGT	70	0.48194054	5.466396	25
CGCCT	70	0.4819405	5.455407	18
CCGCC	45	0.47044706	5.550431	34
CGCCC	45	0.470447	5.5504303	35
ATCCG	90	0.45738533	5.3963256	30
GCCTG	65	0.45493695	5.573879	36
CGGGG	40	0.4393249	5.7786174	6
CGCAG	55	0.43146718	6.191195	5
GCCGC	40	0.42510945	5.631093	26
CCCGC	40	0.41817516	5.6070676	52
CCCGG	35	0.37197074	5.619763	21
GCCCG	35	0.37197074	5.5972385	10
CGCCG	25	0.2656934	5.688436	50
>>END_MODULE
