##FastQC	0.10.1
>>Basic Statistics	pass
#Measure	Value	
Filename	Trimmed_Partial_SRR2467141.fastq	
File type	Conventional base calls	
Encoding	Sanger / Illumina 1.9	
Total Sequences	4684	
Filtered Sequences	0	
Sequence length	74	
%GC	40	
>>END_MODULE
>>Per base sequence quality	pass
#Base	Mean	Median	Lower Quartile	Upper Quartile	10th Percentile	90th Percentile
1	39.52455166524338	41.0	39.0	41.0	37.0	41.0
2	39.296541417591804	41.0	39.0	41.0	36.0	41.0
3	39.60653287788215	41.0	39.0	41.0	37.0	41.0
4	39.71199829205807	41.0	39.0	41.0	37.0	41.0
5	39.41268146883006	41.0	39.0	41.0	36.0	41.0
6	39.667164816396244	41.0	39.0	41.0	37.0	41.0
7	39.72694278394535	41.0	40.0	41.0	37.0	41.0
8	39.728864218616565	41.0	40.0	41.0	37.0	41.0
9	39.68104184457729	41.0	40.0	41.0	37.0	41.0
10	39.60012809564475	41.0	39.0	41.0	37.0	41.0
11	39.326216908625106	40.0	39.0	41.0	36.0	41.0
12	38.86229718189581	40.0	38.0	41.0	35.0	41.0
13	39.154995730145174	40.0	39.0	41.0	36.0	41.0
14	39.4101195559351	41.0	39.0	41.0	37.0	41.0
15	39.333048676345	41.0	39.0	41.0	36.0	41.0
16	39.247651579846284	40.0	39.0	41.0	36.0	41.0
17	39.411827497865076	41.0	39.0	41.0	36.0	41.0
18	39.481426131511526	41.0	39.0	41.0	37.0	41.0
19	39.27625960717336	40.0	39.0	41.0	36.0	41.0
20	39.36058923996584	41.0	39.0	41.0	36.0	41.0
21	39.16951323654996	40.0	39.0	41.0	36.0	41.0
22	39.28757472245944	40.0	39.0	41.0	36.0	41.0
23	39.28800170794193	40.0	39.0	41.0	36.0	41.0
24	38.86272416737831	40.0	38.0	41.0	35.0	41.0
25	39.25042698548249	40.0	39.0	41.0	36.0	41.0
26	39.13279248505551	40.0	39.0	41.0	36.0	41.0
27	38.68210930828352	40.0	38.0	41.0	35.0	41.0
28	39.08539709649872	40.0	38.0	41.0	35.0	41.0
29	39.01729291204099	40.0	38.0	41.0	35.0	41.0
30	39.194705380017076	40.0	39.0	41.0	36.0	41.0
31	39.14517506404782	40.0	39.0	41.0	35.0	41.0
32	39.20623398804441	40.0	39.0	41.0	36.0	41.0
33	39.30315969257045	40.0	39.0	41.0	36.0	41.0
34	39.009393680614856	40.0	38.0	41.0	35.0	41.0
35	38.97502134927412	40.0	38.0	41.0	35.0	41.0
36	39.0999146029035	40.0	39.0	41.0	35.0	41.0
37	39.07685738684885	40.0	39.0	41.0	35.0	41.0
38	38.79888983774552	40.0	38.0	41.0	35.0	41.0
39	38.37553373185312	40.0	38.0	41.0	34.0	41.0
40	38.508539709649874	40.0	38.0	41.0	34.0	41.0
41	38.59222886421862	40.0	38.0	41.0	35.0	41.0
42	38.531169940222036	40.0	38.0	41.0	34.0	41.0
43	38.47480785653288	40.0	37.0	41.0	34.0	41.0
44	38.380871050384286	40.0	37.0	41.0	34.0	41.0
45	38.35269000853971	40.0	37.0	41.0	34.0	41.0
46	38.2736976942784	39.0	37.0	41.0	34.0	41.0
47	37.93061485909479	39.0	36.0	41.0	34.0	41.0
48	37.80209222886422	39.0	36.0	41.0	34.0	41.0
49	37.508539709649874	39.0	36.0	41.0	33.0	41.0
50	37.4201537147737	39.0	36.0	40.0	33.0	41.0
51	37.04141759180188	38.0	35.0	40.0	32.0	41.0
52	36.965200683176775	38.0	35.0	40.0	33.0	41.0
53	36.631725021349276	37.0	35.0	40.0	32.0	41.0
54	36.72480785653288	37.0	35.0	39.0	32.0	41.0
55	36.67399658411614	37.0	35.0	39.0	33.0	41.0
56	36.31298035866781	37.0	35.0	39.0	32.0	41.0
57	36.148377455166525	36.0	35.0	39.0	32.0	40.0
58	36.03181041844577	36.0	35.0	39.0	32.0	40.0
59	35.81554227156277	36.0	35.0	38.0	32.0	40.0
60	31.72459436379163	32.0	30.0	34.0	26.0	36.0
61	33.95132365499573	34.0	33.0	36.0	30.0	39.0
62	34.63514090520922	35.0	34.0	37.0	31.0	39.0
63	34.72502134927412	35.0	34.0	37.0	31.0	39.0
64	34.79846285226302	35.0	34.0	36.0	31.0	39.0
65	34.90072587532024	35.0	34.0	36.0	32.0	38.0
66	34.446413321947055	35.0	34.0	36.0	31.0	37.0
67	34.35760034158839	35.0	34.0	36.0	31.0	37.0
68	33.80465414175918	35.0	34.0	36.0	29.0	37.0
69	33.668872758326216	35.0	34.0	35.0	30.0	37.0
70	33.87553373185312	35.0	34.0	35.0	30.0	37.0
71	33.98740392826644	35.0	34.0	35.0	31.0	36.0
72	34.02668659265585	35.0	34.0	35.0	31.0	36.0
73	33.84692570452604	35.0	34.0	35.0	31.0	36.0
74	33.899231426131514	35.0	34.0	35.0	31.0	36.0
>>END_MODULE
>>Per sequence quality scores	pass
#Quality	Count
25	3.0
26	0.0
27	7.0
28	14.0
29	25.0
30	47.0
31	63.0
32	85.0
33	120.0
34	175.0
35	230.0
36	406.0
37	740.0
38	1345.0
39	1218.0
40	206.0
>>END_MODULE
>>Per base sequence content	warn
#Base	G	A	T	C
1	21.221178479931684	28.842869342442356	31.041844577284373	18.894107600341588
2	20.495303159692572	26.515798462852263	31.40478223740393	21.584116140051236
3	21.007685738684884	28.095644748078563	30.20922288642186	20.687446626814687
4	20.73014517506405	28.13834329632792	30.657557643040136	20.47395388556789
5	18.70196413321947	27.775405636208365	31.105892399658412	22.41673783091375
6	20.836891545687447	28.351836037574724	30.29461998292058	20.51665243381725
7	19.66268146883006	29.312553373185313	31.169940222032448	19.854824935952177
8	18.17599316531397	28.919265271251604	30.79880392994447	22.10593763348996
9	20.089666951323654	29.50469684030743	30.0597779675491	20.345858240819812
10	20.47395388556789	27.113578138343296	32.02391118701964	20.38855678906917
11	19.918872758326216	26.85738684884714	30.764304013663534	22.459436379163108
12	19.66268146883006	28.60802732707088	32.19470538001708	19.534585824081983
13	20.73014517506405	27.305721605465415	30.422715627668662	21.541417591801878
14	18.210930828351838	27.818104184457727	31.532877882152004	22.438087105038427
15	20.58070025619129	29.163108454312553	31.40478223740393	18.85140905209223
16	20.75149444918873	28.159692570452606	31.447480785653287	19.64133219470538
17	19.342442356959864	27.36976942783945	32.19470538001708	21.093082835183605
18	21.648163962425276	27.924850555081125	29.803586678052945	20.623398804440647
19	20.081179235206154	27.750480666524247	32.12988677632985	20.038453321939755
20	19.57728437233134	27.561912894961573	30.871050384286935	21.98975234842015
21	20.58070025619129	30.123825789923142	30.230572160546544	19.064901793339025
22	20.60204953031597	28.60802732707088	30.807002561912896	19.982920580700256
23	19.918872758326216	27.64730999146029	30.50811272416738	21.925704526046115
24	20.687446626814687	28.052946199829204	30.956447480785656	20.303159692570453
25	20.452604611443213	28.75747224594364	31.191289496157133	19.598633646456022
26	21.114432109308286	27.02818104184458	30.807002561912896	21.050384286934246
27	21.71221178479932	28.885567890691714	29.37660119555935	20.025619128949614
28	20.431255337318532	27.070879590093938	30.956447480785656	21.541417591801878
29	18.830059777967552	29.50469684030743	31.55422715627669	20.111016225448335
30	20.743430890835292	28.519547105319376	29.715872676778467	21.021149327066865
31	21.007685738684884	29.654141759180185	29.20580700256191	20.132365499573016
32	19.449188727583262	28.543979504696843	30.636208368915458	21.37062339880444
33	20.36720751494449	29.67549103330487	29.120409906063195	20.836891545687447
34	21.413321947053802	28.13834329632792	30.486763450042698	19.961571306575575
35	19.363791631084542	27.79675491033305	31.70367207514945	21.135781383432963
36	21.28522630230572	28.56532877882152	30.380017079419304	19.769427839453456
37	20.53800170794193	28.351836037574724	30.93509820666097	20.175064047822374
38	19.854824935952177	27.583262169086254	30.892399658411613	21.669513236549957
39	20.452604611443213	28.501280956447484	30.230572160546544	20.815542271562766
40	21.114432109308286	27.75405636208369	30.29461998292058	20.836891545687447
41	21.24252775405636	29.035012809564474	28.60802732707088	21.114432109308286
42	19.342442356959864	29.974380871050382	30.636208368915458	20.046968403074295
43	20.36720751494449	27.69000853970965	31.767719897523484	20.175064047822374
44	19.66268146883006	26.814688300597776	31.767719897523484	21.754910333048677
45	20.26046114432109	29.52604611443211	28.970964987190435	21.24252775405636
46	20.196413321947055	29.50469684030743	30.44406490179334	19.854824935952177
47	19.214346712211785	28.010247651579846	30.849701110162254	21.925704526046115
48	21.47736976942784	27.69000853970965	30.1665243381725	20.66609735269001
49	20.26046114432109	29.867634500426988	29.931682322801024	19.940222032450897
50	18.65926558497011	28.074295473953885	31.831767719897524	21.43467122117848
51	20.73014517506405	29.718189581554228	28.800170794192997	20.75149444918873
52	19.64133219470538	29.29120409906063	30.849701110162254	20.217762596071733
53	18.91545687446627	27.583262169086254	31.55422715627669	21.947053800170792
54	20.922288642186164	28.351836037574724	30.081127241673784	20.64474807856533
55	19.8334756618275	28.778821520068316	30.956447480785656	20.431255337318532
56	20.004269854824937	28.13834329632792	29.52604611443211	22.331340734415033
57	20.217762596071733	29.568744662681468	30.145175064047823	20.068317677198973
58	19.854824935952177	28.86421861656704	31.21263877028181	20.068317677198973
59	20.046968403074295	27.98889837745517	30.529461998292057	21.43467122117848
60	20.836891545687447	27.391118701964135	30.529461998292057	21.24252775405636
61	20.495303159692572	28.28778821520068	32.13065755764304	19.086251067463706
62	20.79419299743809	27.75405636208369	29.37660119555935	22.075149444918875
63	20.60204953031597	28.970964987190435	29.54739538855679	20.879590093936805
64	20.32450896669513	28.71477369769428	31.169940222032448	19.79077711357814
65	18.381725021349276	28.885567890691714	31.148590947907774	21.584116140051236
66	20.815542271562766	28.650725875320237	28.970964987190435	21.56276686592656
67	20.772843723313407	29.52604611443211	30.187873612297185	19.513236549957302
68	19.854824935952177	28.031596925704527	29.931682322801024	22.181895815542273
69	20.068317677198973	29.739538855678905	29.163108454312553	21.029035012809562
70	20.38855678906917	29.35525192143467	29.910333048676346	20.345858240819812
71	19.74807856532878	28.074295473953885	30.614859094790773	21.56276686592656
72	21.050384286934246	27.263023057216056	31.447480785653287	20.239111870196414
73	21.135781383432963	27.83945345858241	31.21263877028181	19.81212638770282
74	20.132365499573016	27.561912894961573	30.187873612297185	22.117847993168233
>>END_MODULE
>>Per base GC content	pass
#Base	%GC
1	40.11528608027327
2	42.07941929974381
3	41.69513236549957
4	41.20409906063194
5	41.11870196413322
6	41.3535439795047
7	39.51750640478224
8	40.28193079880393
9	40.435525192143466
10	40.862510674637065
11	42.378309137489325
12	39.197267292912045
13	42.27156276686593
14	40.64901793339026
15	39.43210930828352
16	40.39282664389411
17	40.435525192143466
18	42.27156276686593
19	40.119632557145906
20	41.567036720751496
21	39.64560204953032
22	40.584970111016226
23	41.84457728437233
24	40.990606319385144
25	40.05123825789923
26	42.16481639624253
27	41.73783091374893
28	41.97267292912041
29	38.94107600341589
30	41.76458021790216
31	41.140051238257904
32	40.8198121263877
33	41.20409906063194
34	41.374893253629374
35	40.4995730145175
36	41.05465414175918
37	40.713065755764305
38	41.524338172502134
39	41.26814688300598
40	41.95132365499573
41	42.356959863364644
42	39.38941076003416
43	40.54227156276687
44	41.417591801878736
45	41.50298889837746
46	40.05123825789923
47	41.140051238257904
48	42.14346712211785
49	40.20068317677199
50	40.09393680614859
51	41.48163962425278
52	39.859094790777114
53	40.862510674637065
54	41.567036720751496
55	40.26473099914603
56	42.33561058923996
57	40.286080273270706
58	39.92314261315115
59	41.48163962425278
60	42.07941929974381
61	39.58155422715628
62	42.86934244235696
63	41.48163962425278
64	40.11528608027327
65	39.96584116140051
66	42.378309137489325
67	40.286080273270706
68	42.03672075149445
69	41.097352690008535
70	40.73441502988898
71	41.31084543125534
72	41.28949615713066
73	40.94790777113578
74	42.250213492741246
>>END_MODULE
>>Per sequence GC content	warn
#GC Content	Count
0	0.0
1	0.0
2	0.0
3	0.0
4	0.0
5	0.0
6	0.0
7	0.0
8	0.0
9	0.0
10	0.0
11	1.0
12	2.0
13	1.0
14	0.5
15	1.0
16	2.5
17	3.5
18	4.0
19	5.0
20	6.0
21	9.0
22	11.0
23	11.0
24	15.0
25	22.5
26	37.5
27	49.0
28	61.5
29	73.0
30	95.0
31	118.0
32	128.5
33	154.0
34	207.0
35	245.0
36	261.5
37	300.0
38	322.0
39	344.0
40	378.0
41	391.0
42	392.0
43	379.0
44	376.5
45	364.0
46	341.0
47	303.0
48	237.0
49	177.0
50	145.0
51	114.0
52	79.5
53	61.5
54	47.0
55	36.0
56	21.5
57	12.0
58	6.0
59	5.5
60	4.0
61	3.5
62	4.0
63	2.0
64	0.0
65	0.0
66	0.5
67	0.5
68	0.0
69	0.0
70	0.0
71	0.0
72	0.0
73	0.0
74	0.0
75	0.0
76	0.0
77	0.0
78	0.0
79	0.0
80	0.0
81	0.0
82	0.0
83	0.0
84	0.0
85	0.0
86	0.0
87	0.0
88	0.0
89	0.0
90	0.0
91	0.0
92	0.0
93	0.0
94	0.0
95	0.0
96	0.0
97	0.0
98	0.0
99	0.0
100	0.0
>>END_MODULE
>>Per base N content	pass
#Base	N-Count
1	0.0
2	0.0
3	0.0
4	0.0
5	0.0
6	0.0
7	0.0
8	0.04269854824935952
9	0.0
10	0.0
11	0.0
12	0.0
13	0.0
14	0.0
15	0.0
16	0.0
17	0.0
18	0.0
19	0.06404782237403929
20	0.0
21	0.0
22	0.0
23	0.0
24	0.0
25	0.0
26	0.0
27	0.0
28	0.0
29	0.0
30	0.06404782237403929
31	0.0
32	0.0
33	0.0
34	0.0
35	0.0
36	0.0
37	0.0
38	0.0
39	0.0
40	0.0
41	0.0
42	0.0
43	0.0
44	0.0
45	0.0
46	0.0
47	0.0
48	0.0
49	0.0
50	0.0
51	0.0
52	0.0
53	0.0
54	0.0
55	0.0
56	0.0
57	0.0
58	0.0
59	0.0
60	0.0
61	0.0
62	0.0
63	0.0
64	0.0
65	0.0
66	0.0
67	0.0
68	0.0
69	0.0
70	0.0
71	0.0
72	0.0
73	0.0
74	0.0
>>END_MODULE
>>Sequence Length Distribution	pass
#Length	Count
74	4684.0
>>END_MODULE
>>Sequence Duplication Levels	pass
#Total Duplicate Percentage	4.526046114432109
#Duplication Level	Relative count
1	100.0
2	1.9901610017889089
3	0.22361359570661896
4	0.022361359570661897
5	0.0
6	0.0
7	0.0
8	0.0
9	0.0
10++	0.0
>>END_MODULE
>>Overrepresented sequences	pass
>>END_MODULE
>>Kmer Content	warn
#Sequence	Count	Obs/Exp Overall	Obs/Exp Max	Max Obs/Exp Position
CTTGG	915	3.4456658	7.9147305	5
TCTTC	1455	3.4444032	8.283608	65
GCAGC	515	3.1084716	16.91463	18
AGCAG	675	3.0632696	11.127878	17
CACCA	710	2.95741	11.660355	68
TCTTG	1185	2.9280834	6.9170938	66
CAGCA	660	2.8695333	9.1282425	38
TTCTT	1735	2.813051	5.106099	3
CTTCT	1175	2.7815626	7.4552474	11
CACCG	475	2.7467499	10.128109	26
CTTCA	1010	2.6247447	6.3654966	46
TGGAA	840	2.610886	6.525721	14
TGGAG	595	2.567426	7.557598	19
CAAAG	785	2.566131	8.015675	19
ACCAG	585	2.5434499	15.213738	69
CCTTG	690	2.4893563	8.836996	14
TTGGA	870	2.4632769	7.925973	51
ACCAA	780	2.4428096	7.6711717	48
TGGCA	580	2.3976996	7.2327824	40
CAACA	755	2.3645146	8.767054	45
CCAAA	735	2.3018785	7.679376	5
GCACC	395	2.2841394	8.102487	5
AACCA	725	2.2705603	6.5752897	32
TCAGC	570	2.2574987	6.9367414	8
GCCTT	625	2.2548516	7.574567	43
CTTGA	830	2.251427	5.7011685	5
TTCAA	1135	2.2177029	6.8371663	62
ACCAC	525	2.1868174	7.2955165	26
TCTGG	580	2.1841378	7.9062753	3
CTTGT	880	2.1744418	6.0524573	10
CAGCG	360	2.1729121	8.4573145	19
CAGCC	375	2.1684868	10.117288	9
CCTTC	625	2.160249	7.2567754	9
CCACC	385	2.1329076	7.754252	70
CAATG	715	2.129122	6.251934	35
TCACC	555	2.1058695	6.638609	51
CATCA	725	2.0683231	5.989633	64
ACACC	495	2.0618563	10.20281	67
TCAAC	720	2.0540586	5.9896326	1
GGAAG	430	2.0368736	6.637254	5
CCAGC	350	2.023921	12.140745	70
GCCAA	465	2.0217166	7.6068683	13
ACCGG	330	1.9918361	6.336209	35
AATGG	640	1.9892466	5.4439173	15
GTTGG	505	1.9849868	5.5075583	6
AGCCT	500	1.980262	6.9293303	42
CTGGA	475	1.9636334	5.7862263	25
GATGG	455	1.9633255	6.0396185	3
CCAAG	450	1.9565	6.092004	16
TGGTG	495	1.9456801	6.8770924	21
AGTGG	450	1.9417505	6.0396185	1
GCTTG	515	1.9393641	5.276488	4
GTCTT	780	1.9273462	5.1933694	15
CCAAC	460	1.9160686	7.2877216	44
TACCA	670	1.911416	5.989634	49
TTCTC	805	1.9056664	5.798526	63
TTGGC	505	1.9017066	5.270851	23
GAAGA	555	1.8937224	5.9698296	41
GACAA	570	1.8633053	8.007111	54
TTGTT	1100	1.861594	5.3297076	70
GGCAA	410	1.8606528	6.3519945	34
CTGGC	335	1.8419157	7.695796	11
TCAAT	930	1.8171486	6.153449	36
GCAGA	395	1.7925802	6.358788	27
GTGGA	415	1.7907256	7.549524	38
ATGGA	575	1.7872137	6.5327005	28
TGACC	450	1.782236	6.9293313	40
ACCGT	450	1.7822359	5.5493927	17
AAAGC	545	1.7815815	5.725482	30
CTTCC	515	1.7800452	6.05378	15
GTCAA	595	1.7717869	5.215517	30
GGTGG	295	1.7671577	6.2951684	7
CTCTT	740	1.7517927	5.8047276	8
GGTCT	465	1.7510763	6.5885634	37
GGCCA	290	1.7504014	6.336209	12
TTCCA	670	1.7411674	6.3654976	1
AAGAA	705	1.7327669	5.1602516	44
AGCAA	530	1.732547	5.7193646	39
TTGGG	435	1.70984	5.501674	45
GGTAG	395	1.7044256	6.039619	13
AAACC	540	1.6911759	5.4852686	5
GTGGT	430	1.6901869	5.5016747	51
AACTT	865	1.6901437	6.1534495	49
TGTTG	655	1.6893537	5.4150085	40
CCAAT	590	1.683187	7.9861774	49
TCCTT	710	1.680774	5.8047276	28
GCTTC	465	1.6776096	5.0497117	64
ACCGA	385	1.6738944	6.0854955	54
GTTGT	645	1.663562	6.3175097	1
TACCG	415	1.6436176	5.549393	19
TGGTC	435	1.6381037	6.5885634	36
CAGAA	500	1.6344783	6.8632374	50
CAACC	390	1.6244929	5.8301773	13
CAGTG	390	1.6122464	8.679339	39
TGGGT	410	1.6115736	5.507559	27
CAACG	370	1.6086777	6.092004	17
GCAAT	540	1.6080081	5.2099442	56
AGCGG	255	1.606549	8.81825	54
ACTTG	590	1.6004119	8.542616	50
GGCAC	265	1.5995048	6.3429866	17
GGTTG	405	1.5919201	6.8770924	42
GAGCA	350	1.5883622	6.3519945	70
GGAAC	350	1.5883621	6.3587875	15
TGGAC	380	1.5709066	5.7862263	46
CTCTG	435	1.5693766	5.055112	26
GCGGC	185	1.5501856	11.728449	58
GGAGC	245	1.5435472	6.613687	31
AGACA	470	1.5364096	6.8632374	43
GCTGG	265	1.5208449	6.0310535	30
AACAG	465	1.5200648	5.7193646	48
CGGCA	250	1.5089667	6.3429856	17
TGGCC	270	1.484529	5.771847	2
GGCAG	235	1.4805453	6.620761	15
CCCAA	355	1.478705	7.2955165	4
GCAAC	340	1.4782444	6.0854955	13
GACCA	340	1.4782444	6.0854955	22
GGAGA	310	1.4684438	6.6301637	20
CACCC	265	1.4681053	7.754252	48
CATGG	355	1.4675575	5.7924147	27
GGAAA	430	1.4672084	5.9698296	70
GCATC	370	1.4653939	5.543464	13
GGAAT	470	1.460853	5.438101	46
GAAAA	590	1.4501169	5.1602516	70
CGTTG	385	1.4498159	5.270851	20
TGGGA	335	1.4455255	6.046078	5
CGTTC	400	1.4431051	6.3121395	62
GAAAC	440	1.438341	5.719365	54
TGGTT	555	1.4314371	6.3175097	39
AGATG	460	1.429771	5.438101	57
AGAAA	580	1.4255387	6.020293	66
CACCT	375	1.4228848	6.6386094	46
TAGCA	475	1.4144517	5.215517	8
CAAGT	475	1.4144516	5.2099442	68
ACAGC	325	1.4130278	6.092004	15
GTTCA	520	1.4105327	7.5934377	20
GGACA	310	1.4068351	6.358788	8
GGGTC	245	1.4060642	8.041405	28
CCATC	370	1.403913	5.3108873	50
AAAGA	570	1.4009604	5.1602516	43
GTTCT	565	1.3960906	5.187821	12
CCAGT	350	1.3861834	5.543464	12
TGGGG	230	1.3777839	8.384591	9
CTGGG	240	1.377369	6.02461	67
TGAGC	330	1.3642086	7.2327833	2
CATCG	340	1.3465781	5.549392	5
ATGGC	325	1.3435388	5.7862267	39
AACGT	450	1.3400067	5.2155166	26
GGTCA	320	1.3228688	5.7862263	9
TGTGG	335	1.3167734	6.8770924	63
CAGAG	290	1.3160714	6.3519936	47
AGCAT	440	1.3102288	6.251933	12
GTAGC	315	1.3021991	5.7862267	24
CTTGC	360	1.2987944	7.5745664	24
CCTGG	235	1.2920903	5.7780204	8
GGCCT	235	1.2920902	5.771847	3
GATGA	415	1.289902	6.5327	7
ACTTC	495	1.2863846	6.365496	56
TTCGT	520	1.2848976	5.187821	69
CCGGC	160	1.2844517	5.624199	17
ACCCA	305	1.2704368	5.8301773	49
GAAGG	265	1.2552825	6.6301637	46
GGAGT	290	1.2513504	6.039619	24
GACAG	275	1.2479987	6.3587875	6
CAGTC	315	1.247565	6.9293303	13
GAGCC	205	1.2373528	6.33621	24
AGTCA	415	1.2357839	6.251933	2
TGTTC	500	1.2354784	5.1933694	19
GAATG	395	1.2277381	5.4439173	26
CGGAA	270	1.225308	6.3519945	65
GTTTC	495	1.2231236	5.187821	25
ACCCT	320	1.2141951	6.6457095	7
TTGCT	490	1.2107688	6.052458	34
TTCAC	465	1.2084221	5.45614	66
CCATG	305	1.2079599	5.5493927	27
CAAGG	265	1.2026169	6.3519936	25
AGTAG	385	1.196656	5.4381003	23
TTAGC	440	1.1935277	5.695078	52
GACTT	440	1.1935276	5.6950774	46
GAATC	400	1.1911173	5.215517	4
AGAGG	250	1.1842289	6.637254	6
GACGT	280	1.1575103	5.7862267	54
CTGGT	305	1.1485554	5.270851	31
ACAAG	350	1.1441349	9.150983	55
GAGTG	265	1.1434754	6.039619	1
TGAGA	365	1.1344922	5.4439173	28
AAGTC	380	1.1315614	5.209945	67
ACAGT	380	1.1315613	6.251933	54
TCCAG	285	1.1287493	5.549392	4
CTTCG	310	1.1184063	5.049711	32
GGTTT	430	1.1090413	5.4150085	40
CAGGT	265	1.0955008	5.792415	16
GGATC	265	1.0955007	5.7862263	53
GTGGC	190	1.0904173	6.024611	36
TGGCG	190	1.0904171	6.02461	32
GTCCA	275	1.0891442	5.5434647	3
GCTCT	300	1.0823288	6.3121395	1
CCGTT	295	1.06429	5.049712	43
GACCG	175	1.0562767	6.3429856	16
GGCGG	120	1.0495602	6.127579	18
TCGTC	290	1.0462512	5.0497117	34
CGGCC	130	1.043617	8.427284	47
GGGAA	220	1.0421214	6.637254	5
ACGGT	250	1.0334914	7.2327833	3
GGACC	170	1.0260974	6.3429866	28
CGACA	235	1.0217278	6.0854955	64
GACAC	235	1.0217278	6.0854955	11
AGCTG	245	1.0128214	5.7862263	54
AGAGT	325	1.0101643	5.438101	12
GGGCC	120	1.0055257	5.864224	45
CCAGG	165	0.99591804	6.336209	11
ACCTC	260	0.9865335	5.3108873	47
GAGCG	155	0.97652984	6.613687	3
GACGA	215	0.9757082	6.3519945	39
GCCCT	185	0.97450143	7.3808026	8
TCGGA	235	0.97148174	5.7862263	70
TAGCC	245	0.97032845	5.5434647	62
TGCTG	255	0.96026766	5.270851	35
GTCTC	265	0.9560571	5.0551124	15
GTTCC	265	0.9560571	5.0551124	19
GTAGG	220	0.9493004	6.0396194	50
GTAAG	305	0.9480003	5.438101	62
GTGTC	250	0.9414389	5.270851	13
CCGGT	170	0.9347036	5.7718477	66
ATCGG	225	0.93014216	5.792415	6
TGGGC	160	0.9182461	6.024611	60
CGCCA	155	0.8963079	8.09383	40
GACCC	155	0.8963079	6.076865	29
GGGGC	100	0.87463343	6.1275787	8
CCCAT	230	0.8727027	5.3108873	12
CGTCG	155	0.8522298	5.7780204	29
AGCTC	215	0.8515127	5.5493927	6
GATGC	205	0.8474628	5.786226	33
CGACG	140	0.84502137	6.336209	53
TGCCC	160	0.8428122	7.3729186	20
CTGCC	160	0.84281206	5.5296884	55
GGGGT	140	0.838651	6.288442	10
CCCAG	145	0.83848155	6.0703726	46
CGGCG	100	0.83793813	5.8642244	2
AGAGC	180	0.81687194	6.3519936	69
AGGCC	135	0.8148421	6.33621	41
GTCCT	225	0.81174666	5.049712	10
GTCGT	215	0.8096375	6.5956106	30
TGCCG	145	0.7972472	5.7718477	25
CCGTC	150	0.7901364	5.529689	59
CCGCT	150	0.7901364	5.529689	31
CGGTG	135	0.7747701	6.02461	53
ATGCA	260	0.7742262	5.209945	70
ATTCG	285	0.7730804	6.6442575	68
CGGTT	200	0.7531511	5.276488	4
GCCAC	130	0.751742	6.070372	2
GTCCC	140	0.7374606	5.529689	47
CCGCC	95	0.73064643	5.3882346	27
GCGCC	90	0.7225041	8.427284	39
GGGTG	120	0.7188437	6.288442	67
GCGGT	125	0.7173797	6.02461	12
CCTCC	140	0.7065204	5.2976894	2
TCTGC	195	0.7035136	5.0497108	61
ACAGG	155	0.7034175	6.3587875	15
AGCGC	115	0.69412476	6.33621	38
GTACT	255	0.6917035	5.695078	54
GGCTC	125	0.68728197	5.771847	25
CGCCG	85	0.68236494	5.6241984	7
CCACG	115	0.6650026	6.0703726	52
GCAGG	105	0.6615202	6.613687	45
CGTGA	160	0.6614344	5.7862263	32
GGCCC	80	0.6422258	5.6181893	64
CCGGA	105	0.63376606	6.33621	21
TACCC	165	0.62606937	5.310888	48
TACGG	150	0.6200948	8.679339	2
TGCGC	110	0.6048082	5.7718477	35
TCGGC	110	0.60480815	5.77802	19
GCCGC	75	0.60208666	5.624198	26
GGGGG	65	0.5934083	6.389087	3
GTGTG	150	0.5896	5.501674	50
CGTCC	100	0.52675754	5.5296884	70
CTCGT	135	0.48704794	5.0497117	65
GCCCC	55	0.4230058	5.388234	19
GGGCG	45	0.39358506	6.1210327	36
CCCGC	50	0.38455075	5.3824778	22
CCGCG	40	0.3211129	5.6181893	58
GCCCG	30	0.24083468	5.6181893	21
CGCGC	20	0.16055645	5.618189	39
>>END_MODULE
